3702.87
3222.93
2833.56
2503.16
2244.2
2063.06
1948.64
1858.35
1770.95
1695.04
1619.72
1537.46
1447.43
1351.07
1252.32
1159.61
1084.02
1029.33
990.987
963.606
938.389
908.219
869.532
824.703
777.52
731.734
689.994
653.119
620.553
592.24
567.201
544.176
521.982
500.464
479.523
458.984
438.686
418.873
399.161
379.827
361.628
344.766
329.664
316.45
304.892
294.999
286.349
278.074
269.813
261.545
253.35
245.712
238.814
232.385
226.396
220.918
215.621
210.478
205.619
201.2
196.949
192.875
188.998
185.16
181.34
177.44
173.594
169.999
166.573
163.392
160.386
157.438
154.556
151.78
149.094
146.482
143.907
141.462
139.152
137.079
135.199
133.375
131.621
129.917
128.255
126.602
124.957
123.344
121.767
120.227
118.732
117.298
115.884
114.476
113.106
111.784
110.524
109.262
108.004
106.784
105.59
104.415
103.264
102.117
101.01
99.9779
98.9679
97.9838
97.0235
96.0826
95.159
94.2521
93.3281
92.4342
91.542
90.6469
89.7587
88.8747
88.0206
87.2104
86.4268
85.6627
84.9008
84.1517
83.406
82.68
81.9609
81.2489
80.5453
79.853
79.1707
78.4982
77.8318
77.1784
76.5246
75.8716
75.2285
74.5801
73.9323
73.2909
72.665
72.043
71.438
70.8298
70.2406
69.6584
69.0711
68.5025
67.9434
67.3916
66.8398
66.2893
65.7481
65.2151
64.7043
64.2064
63.7019
63.2066
62.7093
62.2102
61.715
61.2324
60.7484
60.2732
59.7953
59.3311
58.8699
58.4187
57.9624
57.5251
57.0858
56.6463
56.2149
55.8025
55.3733
54.9734
54.5669
54.1588
53.754
53.3719
52.983
52.5973
52.23
51.8706
51.4999
51.1346
50.7722
50.4117
50.0585
49.7182
49.3804
49.0454
48.7119
48.3621
48.0202
47.6878
47.345
47.0089
46.6821
46.363
46.0271
45.7196
45.4003
45.0737
44.7803
44.4905
44.1613
43.8637
43.5824
43.2564
42.9562
42.6774
42.369
42.0651
41.7839
41.4596
41.1606
40.8594
40.5664
40.2544
39.9563
39.6777
39.3808
39.1554
38.8126
38.5571
38.259
37.9747
37.725
37.4322
37.1564
36.884
36.6739
36.3514
36.053
35.8294
35.5382
35.2449
34.9978
34.7155
34.4782
34.2534
33.9603
33.6622
33.4528
33.2126
32.934
32.6474
32.4345
32.2562
31.9433
31.7538
31.5771
31.2001
31.026
30.7679
30.523
30.2954
30.0309
29.7567
29.5722
29.2883
29.1064
28.8753
28.5634
28.4866
28.2121
27.9722
27.7561
27.546
27.284
27.0977
26.9643
26.7355
26.4685
26.3147
26.1575
25.953
25.712
25.5198
25.3287
25.1662
25.0505
24.8069
24.6778
24.5408
24.3655
24.1944
24.068
23.8599
23.7127
23.6312
23.339
23.2912
23.053
22.9533
22.7734
22.5594
22.4076
22.2535
22.112
21.9164
21.8208
21.5937
21.4625
21.3279
21.1469
21.0876
21.0352
20.695
20.7602
20.6246
20.2777
20.3527
20.023
20.0203
19.755
19.6907
19.558
19.4044
19.2211
19.1041
19.0568
18.7881
18.7981
18.5312
18.4669
18.2689
18.1231
17.99
17.8536
17.715
17.6136
17.4583
17.3867
17.3558
17.0973
17.0436
17.1931
16.7445
16.9866
16.8525
16.6066
16.6094
16.2584
16.2504
15.9863
15.9571
15.7535
15.7017
15.5204
15.4727
15.4055
15.222
15.2277
15.0484
14.9137
14.896
14.69
14.6366
14.5774
14.4656
14.4144
14.3696
14.17
14.1704
14.048
13.8476
13.9127
13.6471
13.7547
13.4725
13.5349
13.3513
13.3721
13.1435
13.1946
13.1867
13.1237
12.8698
12.8844
12.7366
12.6407
12.5078
12.5915
12.3388
12.3776
12.2105
12.1804
12.0547
11.9667
11.7863
11.92
11.8174
11.6269
11.5364
11.5492
11.3272
11.3184
11.3055
11.1374
11.1054
11.1456
10.8557
11.012
11.1007
10.7969
11.0109
11.0301
10.5367
10.8442
10.4025
10.5325
10.2296
10.4062
10.1208
10.1275
9.95537
9.88281
9.77914
9.77703
9.61837
9.53819
9.4925
9.38729
9.38017
9.40458
9.19869
9.18308
9.02888
9.00779
9.11856
8.85296
8.89386
9.29831
8.75488
9.49726
9.08151
9.06619
8.79614
8.71604
8.66286
8.62434
8.44506
8.47337
8.29638
8.30826
8.12047
8.12548
8.04901
7.97615
7.89472
7.83101
7.7784
7.71331
7.65496
7.54692
7.50511
7.43905
7.38518
7.41079
7.51106
7.23696
7.2161
7.39928
7.06752
7.37962
7.6915
7.165
7.80515
6.86479
7.196
6.77137
7.00508
6.8019
6.74037
6.74104
6.50125
6.57891
6.39396
6.46656
6.31677
6.27962
6.21513
6.14068
6.15972
6.04239
5.95182
5.94422
5.87658
5.86163
5.76265
5.79711
5.78158
5.72785
5.66919
5.74561
5.5378
5.68289
5.43128
5.68366
5.74396
5.32716
5.81463
5.86499
5.42898
5.74151
5.46501
5.38457
5.35458
5.09998
5.17037
4.99827
5.02171
4.88766
4.88523
4.78572
4.8032
4.68658
4.671
4.61255
4.57686
4.55786
4.50415
4.4897
4.50495
4.48649
4.4764
4.34152
4.31807
4.3181
4.23946
4.27194
4.44901
4.12271
4.57356
4.82999
4.26099
5.08714
4.30683
4.40642
4.3657
3.98721
4.17145
3.95434
4.02603
3.85789
3.87502
3.79094
3.75174
3.71324
3.69002
3.64573
3.60697
3.57623
3.53844
3.5022
3.49604
3.46187
3.47169
3.41645
3.36037
3.30785
3.27596
3.25117
3.20874
3.17729
3.15796
3.12283
3.10558
3.06816
3.06965
3.08189
3.11628
3.05107
3.19341
3.02106
2.96583
2.89871
2.92879
2.9966
2.85021
2.89954
3.34876
2.86862
3.02334
3.54792
2.82011
3.50368
3.20538
3.18395
3.0476
2.96
2.93854
2.96518
2.75552
2.97944
2.7317
3.00413
2.67184
2.98654
2.67247
2.86573
2.61408
2.8166
2.65213
2.61289
2.69565
2.47139
2.65059
2.43455
2.69384
2.55256
2.56212
2.60197
2.4332
2.54207
2.44885
2.40445
2.3869
2.38974
2.3081
2.29399
2.27249
2.22811
2.22682
2.19894
2.15406
2.16345
2.10212
2.12856
2.06898
2.10138
2.04257
2.04191
2.03054
1.98053
1.97362
1.95479
1.92713
1.91895
1.88582
1.86752
1.85605
1.82105
1.81972
1.77804
1.7828
1.74776
1.74208
1.736
1.72354
1.80741
1.83643
1.76756
1.68201
1.69083
1.66238
1.65728
1.65363
1.60989
1.64028
1.56743
1.59351
1.55195
1.5291
1.52959
1.50517
1.49044
1.4764
1.46167
1.45832
1.47793
1.69616
2.14384
1.67004
1.45398
1.45223
1.55342
1.44904
1.4505
1.52259
1.39225
1.46726
1.3604
1.46286
1.44574
1.38703
1.40582
1.45011
1.32747
1.34751
1.34619
1.26423
1.26026
1.26554
1.2297
1.20205
1.21137
1.1793
1.16378
1.17271
1.16614
1.27001
1.23224
1.1883
1.1234
1.1321
1.08588
1.10699
1.09449
1.09127
1.07236
1.04347
1.05318
1.00674
1.0112
1.04921
1.0042
0.967697
0.958654
0.960021
0.940328
0.935175
0.903397
0.922849
0.892108
0.863754
0.876351
0.884003
0.858109
0.827192
0.833889
0.834763
0.826214
0.792904
0.804627
0.905225
1.11929
1.44717
1.11137
0.904754
0.889881
0.880605
0.832491
0.834419
0.827473
0.793358
0.772172
0.799628
0.744859
0.794442
0.713456
0.768208
0.750917
0.688704
0.721636
0.673654
0.699933
0.685808
0.646995
0.671478
0.653081
0.645791
0.621937
0.623479
0.607433
0.610043
0.575944
0.582607
0.584261
0.579396
0.543865
0.58676
0.60275
0.588343
0.547951
0.529728
0.566334
0.520422
0.52126
0.565968
0.518392
0.50914
0.511089
0.48256
0.503951
0.615944
0.705572
0.833482
0.767074
0.533896
0.614289
0.776292
0.524339
0.785331
0.719294
0.581928
0.583398
0.568642
0.537753
0.57271
0.475763
0.520703
0.50874
0.507539
0.491302
0.461152
0.446325
0.447805
0.440481
0.439285
0.399492
0.433213
0.396138
0.411531
0.408973
0.385592
0.36953
0.353901
0.362435
0.341622
0.330074
0.33841
0.332329
0.31011
0.324147
0.326203
0.32186
0.305166
0.300948
0.290688
0.304712
0.301511
0.2763
0.304408
0.307233
0.281566
0.285246
0.266606
0.29012
0.288388
0.257891
0.259968
0.253106
0.271382
0.2423
0.234761
0.242201
0.222424
0.228898
0.218152
0.220339
0.227487
0.220339
0.215219
0.23138
0.24926
0.251068
0.197488
0.241112
0.229808
0.222865
0.207884
0.210822
0.213242
0.191832
0.195393
0.184931
0.181845
0.226839
0.191583
0.211716
0.20907
0.172665
0.1939
0.182373
0.181077
0.184026
0.173977
0.16472
0.16615
0.167674
0.154604
0.176947
0.270617
0.355746
0.46417
0.208789
0.256723
0.324188
0.183596
0.330267
0.21175
0.273626
0.321766
0.184518
0.387157
0.19292
0.439109
0.590976
0.218754
0.528373
0.324753
0.53064
0.489226
0.265052
0.392129
0.29386
0.216319
0.385186
0.237307
0.446777
0.231067
0.456994
0.271195
0.631371
0.333898
0.909494
1.48758
0.350974
0.667541
0.277028
0.45323
0.461358
0.291983
0.396082
0.253549
0.414319
0.280148
0.282214
0.287525
0.207312
0.284403
0.180481
0.207424
0.197877
0.174313
0.182975
0.161602
0.149936
0.172449
0.173255
0.141751
0.138246
0.141038
0.115617
0.117842
0.125661
0.110738
0.0927735
0.109465
0.094738
0.0815699
0.0804785
0.085634
0.077776
0.0816493
0.0775634
0.0718578
0.0754016
0.0705784
0.0651304
0.0788445
0.0596436
0.0760281
0.0699499
0.0682886
0.0604363
0.0525062
0.0618245
0.0477667
0.0591428
0.0598875
0.0565207
0.0518978
0.0409926
0.0431237
0.045582
0.0452071
0.0359847
0.0385444
0.0327856
0.039395
0.0331817
0.0316891
0.031338
0.0273528
0.0236772
0.0219481
0.0200466
0.0213701
0.0206221
0.0171327
0.0166592
0.0163158
0.014854
0.0153491
0.0159257
0.01234
