100157,0.026868974237395288
364207,0.001422475106685633
38848,0.0
bradshaw97introduction,0.00474158368895211
bylund99coordinating,0.0
dix01metaagent,0.005452821242294926
gray99finding,0.0
labrou01standardizing,0.0
labrou99agent,0.005215742057847321
nodine98overview,0.002844950213371266
nodine99active,0.0
wagner97artificial,0.003319108582266477
100598,0.001896633475580844
455651,0.0
marquez00machine,0.0
punyakanok01use,0.000474158368895211
101570,1.0
krasnogor00memetic,0.0
10227,0.7142857142857143
131669,0.2857142857142857
sima00computational,0.0
sima01computational,0.0
103027,1.0
140169,0.0
105684,0.08333333333333333
weiss00building,0.0
106003,0.002370791844476055
104129,0.0
singhal99document,0.001422475106685633
106339,0.002370791844476055
amer-yahia00boundingschemas,0.0
arlein99making,0.0
cluet99using,0.000948316737790422
shasha02algorithmics,0.0
108321,0.001422475106685633
184462,0.001422475106685633
73962,0.0
83140,0.0
108573,0.002844950213371266
448486,0.000948316737790422
bailey01analysis,0.000474158368895211
bailey02eventconditionaction,0.0
tova99active,0.0
108580,0.001896633475580844
cohen01learning,0.0
raman01potters,0.0
sattler01data,0.000474158368895211
110962,0.5
wichert00compositionality,0.0
11099,0.000474158368895211
itskevitch01automatic,0.0
111340,0.6666666666666666
315017,0.3333333333333333
405310,0.0
111958,0.000474158368895211
apte01ai,0.0
112493,0.00800537379484748
4588,0.000474158368895211
cohn01qualitative,0.00734945471787577
haarslev99description,0.006179864074600917
11264,0.008534850640113799
chan98toward,0.008060692271218587
114091,0.000948316737790422
groh99automated,0.000474158368895211
11423,1.0
roumeliotis99circumventing,0.0
114563,0.005437015963331753
hofmann99probabilistic,0.003674727358937885
szummer01kernel,0.000948316737790422
114630,1.0
chu-carroll99conflict,0.0
11510,0.002370791844476055
23381,0.0
29551,0.000474158368895211
3602,0.002370791844476055
heintz00robosoc,0.0
veloso99cmunited,0.0
115410,0.000948316737790422
356540,0.000474158368895211
115971,0.002844950213371266
295535,0.001896633475580844
kumar00adaptive,0.001896633475580844
116087,1.0
ostrovsky01polynomial,0.0
116696,1.0
murray98kaleidoquery,0.75
116882,1.0
zaragoza99dynamic,0.0
11708,0.5
chantemargue99collective,0.0
119174,1.0
313926,0.0
cai01geovibe,0.0
119409,1.0
sanchez98agora,0.0
120432,0.001896633475580844
sadri99computational,0.000474158368895211
sakama99updating,0.000474158368895211
12369,0.002370791844476055
244548,0.000948316737790422
257648,0.0
453663,0.0
124100,1.0
57340,0.0
124833,0.000474158368895211
452192,0.0
125291,0.001896633475580844
bowman01introduction,0.0
bowman99interaction,0.000474158368895211
gabbard98usability,0.001896633475580844
mundell99towards,0.0
125615,1.0
ventura99isocrob,0.0
126894,0.003319108582266477
455997,0.000474158368895211
501178,0.000474158368895211
540501,0.0
gajos01design,0.0
peters02using,0.0
wijngaards01mas,0.0
130387,0.006638217164532954
brazier99compositional,0.005689900426742532
vanschooten99report,0.0
131492,0.875
khaled98gado,0.5
schwabacher96use,0.875
schwabacher98multilevel,0.8125
goller99connectionist,0.0
goller99feature,0.0
13229,0.5
brabrand99ltbigwiggt,0.0
132458,1.0
bouguettaya99using,0.0
132577,0.001422475106685633
14656,0.001422475106685633
516803,0.0
griffiths01query,0.0
133494,1.0
159727,0.0
13423,0.42857142857142855
282608,0.2857142857142857
wijsen99generalizing,0.0
137638,1.0
83728,0.0
138121,0.0
13839,0.000474158368895211
moerland00line,0.0
138451,0.005215742057847321
254693,0.001422475106685633
352789,0.001422475106685633
agarwal01time,0.0
chomicki99animating,0.0
forlizzi99data,0.001422475106685633
grumbach00manipulating,0.0
kollios99nearest,0.002370791844476055
140079,0.000474158368895211
415056,0.0
142848,0.002844950213371266
21283,0.001422475106685633
214340,0.000948316737790422
14331,0.000474158368895211
slivinskas00foundation,0.0
146066,0
14648,0.002370791844476055
518092,0.0
nigam01using,0.0
popescul01probabilistic,0.000948316737790422
schein01generative,0.000474158368895211
147375,1.0
kullbach99querying,0.0
147521,0.006638217164532954
301428,0.001896633475580844
manolescu01efficient,0.0
nie01joint,0.000474158368895211
widom00wsqdsq,0.002370791844476055
zadorozhny01validating,0.0
147739,1.0
konrad98model,0.0
konrad99model,0.0
149759,0.3333333333333333
461740,0.0
150449,0.008534850640113799
bauer99where,0.0
hollerer99exploring,0.000474158368895211
hollerer99situated,0.001422475106685633
randell00shopping,0.001422475106685633
reitmayr01mobile,0.0
reitmayr01wearable,0.0
rungsarityotin00finding,0.002370791844476055
schmalstieg00bridging,0.001422475106685633
150514,0.005689900426742532
486074,0.0
506324,0.0
cetintemel00selfadaptive,0.000474158368895211
chien01efficient,0.000948316737790422
nguyen01monitoring,0.002370791844476055
oliboni01temporal,0.000948316737790422
15156,0.007112375533428165
294031,0.0
baldan01mutaclp,0.0
fauvet99applying,0.000474158368895211
koubarakis99tractable,0.002370791844476055
1529,1.0
coelho00developing,0.0
piater99toward,0.6666666666666666
15340,0.5
122529,0.0
154973,0.001896633475580844
cabrera01proactive,0.0
jansen00mobile,0.000948316737790422
156949,0
157013,0.006638217164532954
34341,0.003793266951161688
45542,0.001896633475580844
157253,0.001422475106685633
ding01probabilistic,0.0
joachims01statistical,0.0
ng01stable,0.0
161260,0.001896633475580844
455336,0.0
vogler99toward,0.000948316737790422
1625,0.002370791844476055
277897,0.0
honavar98distributed,0.001896633475580844
162997,0.5
1639,0.6
roobaert00comparison,0.0
roobaert00directsvm,0.0
roobaert99viewbased,0.0
164846,0.000474158368895211
535300,0.0
164953,0.000948316737790422
16755,1.0
342407,0.0
16892,1.0
33385,0.0
169000,0.6
469106,0.0
534720,0.0
rodriguez00learning,0.0
171304,0.002370791844476055
172324,0.000474158368895211
451495,0.0
172950,0.002370791844476055
226856,0.0
wang00nonmonotonic,0.001422475106685633
180347,0.001422475106685633
18124,0.002370791844476055
ian99kea,0.0
witten01power,0.001422475106685633
184682,0.000474158368895211
284772,0.0
187087,0.003319108582266477
187693,0.25
muth99integrating,0.125
18832,0.000474158368895211
290879,0.0
18855,1.0
staab00from,0.0
18915,0.003793266951161688
grieser00unifying,0.002844950213371266
kruschwitz01exploiting,0.0
1894,0.007586533902323376
412057,0.0
agichtein01learning,0.000948316737790422
bahle02efficient,0.0
clarke01exploiting,0.0
craswell00server,0.001896633475580844
hawking01which,0.0
kobayashi00information,0.000948316737790422
singhal01case,0.0
19017,0.08333333333333333
449529,0.0
190915,0
191426,0.001422475106685633
abecker01decor,0.0
christophides00community,0.0
rabarijaona99building,0.0
19199,0.003793266951161688
allen01towards,0.000474158368895211
lesh99using,0.002370791844476055
192612,0.00948316737790422
441191,0.0
broekstra02enabling,0.001422475106685633
buckinghamshum00scholonto,0.000474158368895211
kushmerick00wrapper,0.005215742057847321
vanzwol99searching,0.000474158368895211
wache01ontologybased,0.0
192987,0.000474158368895211
ramakrishna00similarity,0.0
19461,0.002370791844476055
442965,0.0
19462,0.5
bassiliades01interbasekb,0.0
194986,0.000474158368895211
liu00threedimensional,0.0
196686,0.00474158368895211
300852,0.001422475106685633
bergo01text,0.0
karypis00concept,0.000948316737790422
kuo00web,0.0
shankar00weight,0.000474158368895211
197022,0.6
goldstein00creating,0.0
goldstein99automatic,0.2
198191,0.000474158368895211
broersen00leveled,0.0
198731,0.000948316737790422
236597,0.000474158368895211
199764,1.0
453469,0.0
200188,0.5
374383,0.0
20100,0.8
348038,0.0
201746,1.0
zaki00sequence,0.0
201850,0.001896633475580844
454640,0.0
201909,1.0
bohte00current,0.0
202521,0
202938,0.003319108582266477
408262,0.000474158368895211
529793,0.0
carr01conceptual,0.000474158368895211
handschuh02authoring,0.000474158368895211
iksal01revisiting,0.0
vdovjak01rdf,0.0
203721,0.36363636363636365
arai01multiagent,0.18181818181818182
murray01specifying,0.18181818181818182
stolzenburg01from,0.0
20379,0.000948316737790422
dautenhahn99studying,0.0
scassellati99knowing,0.0
20543,1.0
may99how,0.0
2056,0.001422475106685633
20587,0.002370791844476055
jurisica96inductive,0.001896633475580844
206655,0.004267425320056899
267965,0.000474158368895211
279508,0.0
375424,0.000948316737790422
376145,0.0
ipeirotis01probe,0.0
wu01towards,0.000948316737790422
20706,0.000474158368895211
128773,0.0
2102,0.006638217164532954
400733,0.001896633475580844
449621,0.0
475405,0.0
ghani01combining,0.0
larsen01probabilistic,0.000474158368895211
sarkar01applying,0.000474158368895211
wu00discriminantem,0.000474158368895211
210603,0.000948316737790422
212779,0.000474158368895211
210,0.001896633475580844
martinez99face,0.0
oliver99bayesian,0.001422475106685633
patterson02context,0.0
rosario99synthetic,0.0
21158,0.021692745376955903
68306,0.002370791844476055
9546,0.005215742057847321
boyapati00towards,0.0
goecks99automatically,0.000474158368895211
hellerstein00recognizing,0.000474158368895211
joachims00estimating,0.001422475106685633
joachims99transductive,0.005689900426742532
mooney00contentbased,0.002370791844476055
schohn00less,0.000474158368895211
thrun98framework,0.0
343493,0.0
212834,0.5
382379,0.0
dumas99sequencebased,0.0
21655,0.00474158368895211
knoblock00accurately,0.000948316737790422
kushmerick02adaptive,0.0
kushmerick02finitestate,0.0
lawrence00context,0.000474158368895211
220216,0.004267425320056899
441053,0.000474158368895211
452506,0.0
ghavamzadeh01continuoustime,0.0
jonsson01automated,0.0
makar01hierarchical,0.000474158368895211
precup01offpolicy,0.000948316737790422
22140,1.0
cvetkovic99genetic,0.0
22187,0.001422475106685633
382301,0.0
384644,0.0
dotsch00tic,0.000474158368895211
22358,0.001422475106685633
307133,0.000474158368895211
ravat99towards,0.0
226124,0.000474158368895211
226296,0.000474158368895211
226643,0.5
340342,0.25
pan00prosody,0.0
22778,0.011853959222380275
386167,0.0
95871,0.006164058795637743
papakonstantinou98query,0.011735419630156473
quan00argos,0.0
22863,0.005215742057847321
476601,0.0
bieman01finding,0.0
drori01algorithm,0.0
glover02using,0.000948316737790422
popescul02towards,0.0
22903,0.2727272727272727
32197,0.0
4495,0.0
538938,0.0
230265,1.0
yang01pms,0.0
23217,0.000474158368895211
bonner98state,0.0
232670,0.001422475106685633
233063,0.000948316737790422
340534,0.0
deweerdt00plan,0.0
233508,0.002844950213371266
erwig00querybytrace,0.0
235064,0.5
murthy00concept,0.0
235466,0.000948316737790422
schneider00disseminating,0.000474158368895211
236095,0.00474158368895211
459233,0.0
478775,0.0
526689,0.0
alvarez00web,0.0
chen00features,0.000474158368895211
iyer00boosting,0.000474158368895211
sim00to,0.0
23799,0.25
ferhatosmanoglu01constrained,0.0
240151,0.6666666666666666
524282,0.0
greenberg01phidgets,0.0
241799,0.000474158368895211
zunino01representing,0.0
242172,0.00474158368895211
452225,0.000474158368895211
453948,0.0
474167,0.0
bush01styx,0.0
david01agentbased,0.0
huget02application,0.000474158368895211
huget02model,0.001422475106685633
242836,0.000474158368895211
boyle00grouplab,0.0
24318,0.000474158368895211
443403,0.0
243680,0.003793266951161688
cabri01engineering,0.002370791844476055
ginsburg98annotate,0.000474158368895211
24402,0.0
doan99efficiently,0.0
ives00adaptive,0.0
245254,1.0
kreuziger92application,0.0
24549,0.007586533902323376
28031,0.0
baker00hallucinating,0.0
essa99computer,0.001422475106685633
martinez00recognition,0.0
moghaddam98beyond,0.001422475106685633
weng00incremental,0.0
weng99face,0.0
zhao00sfs,0.0
zhao98empirical,0.000474158368895211
246390,0.001422475106685633
grandi00generalized,0.000948316737790422
roddick00beyond,0.0
249151,1.0
zhou00implementation,0.0
250204,0.000948316737790422
inoue01controlling,0.0
250432,0.000474158368895211
ulrich00appearancebased,0.0
250815,0.001422475106685633
marsella00interactive,0.0
miller00training,0.000474158368895211
25225,1.0
kanungo99omnipage,0.0
253088,0.001896633475580844
mistry01materialized,0.001422475106685633
25329,0.4
536962,0.0
faber99using,0.0
254041,0.000948316737790422
297471,0.0
538839,0.0
254597,0.001422475106685633
471747,0.0
496736,0.0
feng01towards,0.0
395537,0.0
arge02optimal,0.0
257148,0.6666666666666666
25809,0.6666666666666666
261862,1.0
459109,0.0
263737,0.17647058823529413
liu01drawcad,0.0
liu99olog,0.0
liu99rol,0.0
263968,0.3333333333333333
196348,0.0
26484,0.5
147445,0.0
267501,0.000948316737790422
509763,0.0
nguyen00active,0.0
270207,1.0
aberg01collection,0.5
270469,0.001896633475580844
376734,0.0
su00prediction,0.0
su00whatnext,0.0
ultis01adaboost,0.0
271585,0.003793266951161688
bergmark02collection,0.000474158368895211
bergmark02focused,0.0
chakrabarti02accelerated,0.000474158368895211
craswell01effective,0.0
davison00topical,0.003635214161529951
dlrg02background,0.0
haveliwala02evaluating,0.0
274436,0
27645,0.003793266951161688
276915,0.000948316737790422
457229,0.0
277650,0.125
rigoll99statistical,0.0
snoek02stateart,0.0
280639,0.000474158368895211
28223,0.002844950213371266
409432,0.0
455511,0.000948316737790422
eiter00data,0.0
eiter00extension,0.000948316737790422
lukasiewicz00probabilistic,0.000948316737790422
wijsen99stringbased,0.0
28307,0.001422475106685633
maloof99machine,0.0
wroblewski00analyzing,0.000474158368895211
28315,0.007112375533428165
455961,0.0
ryu01application,0.0
284454,0.004267425320056899
aggarwal01intelligent,0.002370791844476055
285081,0.000474158368895211
hunter00merging,0.0
286829,0.000948316737790422
chang99approximate,0.000474158368895211
green01sdlip,0.0
288424,1.0
granlund01patternsupported,0.3333333333333333
vanwelie00patterns,0.0
289676,1.0
moran99improvement,1.0
28981,0.002844950213371266
388587,0.0
beuster00mia,0.000474158368895211
nahm00mutually,0.000948316737790422
292223,0.000948316737790422
vanschooten01structuring,0.000474158368895211
292524,0.000474158368895211
pal02web,0.0
29319,1.0
293286,0.004267425320056899
454519,0.0
294039,0.000948316737790422
druin01designing,0.000474158368895211
294238,0.001422475106685633
roth01relational,0.0
295186,0.000474158368895211
naumann01from,0.0
295196,0.001896633475580844
cassell00more,0.001422475106685633
340329,0.0
508859,0.0
531549,0.0
giorgini01multiagent,0.0
296568,0.001896633475580844
454876,0.001422475106685633
298782,0.001896633475580844
472783,0.0
298827,0.000474158368895211
antifakos01exploration,0.0
298894,0.000474158368895211
kakas01abduction,0.0
299008,0.000948316737790422
brass98semantics,0.000474158368895211
300048,0.000474158368895211
rosales00hand,0.0
300232,0.8333333333333334
brandt00task,0.6666666666666666
li01indexing,0.000948316737790422
zhang01supporting,0.001422475106685633
301461,0.001422475106685633
miles00designing,0.000948316737790422
30237,1.0
322267,0.0
302575,0.000948316737790422
489313,0.0
vandertorre01contextual,0.0
306529,0.000474158368895211
parker00current,0.0
307268,0.003319108582266477
308936,1.0
fuhr01digital,0.0
308951,0.000474158368895211
303350,0.0
310158,0.000948316737790422
escudero00portability,0.000474158368895211
310437,1.0
mitzenmacher01estimating,0.0
311175,0.002370791844476055
249633,0.0
31199,1.0
29745,0.0
84828,0.0
31326,0.001422475106685633
murphy01bayes,0.0
rehg99visionbased,0.000474158368895211
314295,0.039220799747115544
373513,0.0
66208,0.00474158368895211
cohen98integration,0.02923186344238975
314651,1.0
kriegel00managing,0.0
315336,0.00474158368895211
afrati02answering,0.0
convey01data,0.0
halevy00theory,0.002844950213371266
li01minimizing,0.0
317766,0.00474158368895211
458600,0.0
495550,0.0
cal01accessing,0.000474158368895211
cal02expressive,0.000474158368895211
calvanese02lossless,0.0
goasdoue00rewriting,0.0
vianu01web,0.000948316737790422
319242,0.000948316737790422
504171,0.0
romer01smart,0.0
322562,0.4166666666666667
sandholm01market,0.3055555555555555
sandholm01side,0.25
323158,0.0064722617354196306
mcdonald00heterogeneous,0.006993835941204362
323163,0.000474158368895211
liu00implementation,0.0
323867,0.002844950213371266
hu01overview,0.000948316737790422
323955,0.21428571428571427
532672,0.0
539420,0.0
finney02learning,0.0
32409,0.001422475106685633
278114,0.0
324100,1.0
415300,0.0
32521,0.0477161371898214
196762,0.0
54866,0.005215742057847321
6411,0.01691164849059586
cohen98joins,0.005215742057847321
muslea99hierarchical,0.01469890943575154
oyama01keyword,0.0
zelikovitz00improving,0.000474158368895211
32742,1.0
williams01searchable,0.0
328087,0.000474158368895211
455679,0.0
328242,0.004267425320056899
416413,0.0
beigl00mediacups,0.002844950213371266
dey01distributed,0.0
32986,0.000474158368895211
329890,1.0
510172,0.0
329899,0.00474158368895211
455655,0.0
475379,0.0
sche01active,0.000474158368895211
scheffer01active,0.000474158368895211
taniguchi01mining,0.0
330661,0.000948316737790422
456004,0.0
486097,0.0
33084,0.007586533902323376
75800,0.0
thrun98map,0.007112375533428165
332050,0.000948316737790422
flake00agents,0.000474158368895211
flake01towards,0.0
332626,0.1111111111111111
bartoli00online,0.0
332789,0.000948316737790422
454124,0.0
caropreso00statistical,0.0
335912,0.18181818181818182
boutilier01partialorder,0.0
340473,0.001422475106685633
szymkowiak01hierarchical,0.000948316737790422
340855,0.75
biskup00constraints,1.0
34322,1.0
sycara95using,0.0
caragea01analysis,0.000474158368895211
clifton01privacy,0.0
sarawagi00data,0.000474158368895211
tsoumakas01fuzzy,0.0
vaidya02privacy,0.000474158368895211
345377,0.000948316737790422
sarwar01itembased,0.000474158368895211
346149,0
352769,0.058823529411764705
351802,0.0
353348,1.0
78138,0.0
35592,0.007112375533428165
69807,0.0
90601,0.0
zheng98integrating,0.0
zheng98stochastic,0.000948316737790422
norrie02webbased,0.0
35804,0.25
stockinger01design,0.0
vavouras00modeling,0.0
35997,1.0
stanley01evolving,0.0
yong01cooperative,0.0
362156,0.000474158368895211
muller01cube,0.0
363813,0.000474158368895211
luo02hybrid,0.0
timm01from,0.0
364516,0.000474158368895211
367226,0.25
marsh01evaluating,0.0
marsh01guiding,0.0
367649,1.0
okamoto02supporting,0.0
369039,0.000948316737790422
blok00top,0.0
windhouwer01flexible,0.0
3733,0.000474158368895211
60136,0.0
373966,0.000948316737790422
453969,0.0
macskassy01intelligent,0.000474158368895211
373986,0.001896633475580844
441527,0.0
441927,0.0
443686,0.0
447337,0.0
374208,0.000474158368895211
randell02well,0.0
375253,0.001422475106685633
gellersen00adding,0.000948316737790422
376961,0.000948316737790422
510071,0.0
bruckner01managing,0.000474158368895211
37804,0.5
202510,0.0
382181,0.005689900426742532
brass99computation,0.005689900426742532
wang00argumentationbased,0.0
382561,0.000474158368895211
joho02hierarchical,0.0
38408,0.001422475106685633
cohen00learning,0.0
vanlaerhoven01realtime,0.000474158368895211
386535,0.002370791844476055
gray01dagents,0.001896633475580844
386938,0.5
arpinar00open,0.0
387202,0.000474158368895211
389181,0.000474158368895211
brandes01visual,0.0
38927,1.0
gullickson98using,0.0
krishnamurthy01dynamic,0.0
390217,0.000474158368895211
michaud01using,0.0
397163,0.5
massink99towards,0.375
399288,0.000948316737790422
kolp01architectural,0.0
40032,1.0
537667,0.0
athitsos01appearancebased,0.0
wu01capturing,0.000948316737790422
402224,1.0
bass01glimpse,0.0
402592,1.0
406866,0.0
40513,0.002844950213371266
405764,0.5
403850,0.0
kalfoglou01integration,0.0
408356,0
412941,0.000948316737790422
papadopoulos00models,0.000474158368895211
412974,0.000948316737790422
huang01architecture,0.000474158368895211
414073,0.002370791844476055
441654,0.000948316737790422
balke00applications,0.000474158368895211
wagner01xmlbased,0.0
414088,0.3333333333333333
horn01ai,0.0
41721,0.000474158368895211
41784,0.000474158368895211
465022,0.0
419282,1.0
wolf00expert,1.0
421686,0.000948316737790422
sabater99engineering,0.000948316737790422
422169,0.001422475106685633
423028,0
4251,0.00948316737790422
flake00efficient,0.006638217164532954
kobayashi99information,0.000474158368895211
425424,0.002370791844476055
391515,0.0
94069,0.001422475106685633
428001,1.0
ormoneit01learning,0.0
42875,0.25
clark00finding,0.0625
lienhart02localizing,0.0
43223,0.002370791844476055
howell98learning,0.0
howell98towards,0.0
howell99gesture,0.0
turk98moving,0.0
43410,1.0
schnattinger98qualitybased,0.0
43488,0.000474158368895211
bonchi01web,0.0
43511,0
4363,0.000948316737790422
467872,0.000474158368895211
43702,0.5555555555555556
267537,0.0
sun99from,0.1111111111111111
sun99hybrid,0.0
sun99symbol,0.0
440022,0.5
low01simulated,0.0
440714,0.000474158368895211
hsu02genetic,0.0
440927,0.001896633475580844
530008,0.0
maedche02bootstrapping,0.0
guestrin02algorithmdirected,0.0
bruno02evaluating,0.000948316737790422
442160,0.6666666666666666
crabbe01goal,0.3333333333333333
crabbe01multiple,0.0
442980,0.001896633475580844
383150,0.0
carkacioglu02learning,0.0
tsuda00subspace,0.0
nambiar01benchmarking,0.0
448769,0.000474158368895211
zambonelli01emergence,0.0
448928,0
449669,0.000474158368895211
449833,0.001896633475580844
450055,0.002370791844476055
ciancarini02coordination,0.0
450284,0.000474158368895211
cakmakci02context,0.0
45086,0.000474158368895211
453199,0.0
451065,0.5
sintek01using,0.0
sparkman01automated,0.0
453602,0.000474158368895211
532865,0.0
453999,0.0061087403192666345
artale01temporal,0.00734945471787577
454077,0.006582898688161845
455220,1.0
livingston01closing,1.0
455426,0.0
inza99feature,0.0
mitra01data,0.000474158368895211
smyth01data,0.0
457130,0.000474158368895211
ricci01enlightened,0.0
4579,1.0
kang01qrtdb,0.0
483730,0.0
459286,0.000474158368895211
45960,0.125
vogel01performance,0.0
460350,0.000948316737790422
jeh02scaling,0.000474158368895211
460784,0.000948316737790422
aiello01ontological,0.0
deloach02analysis,0.0
461688,0.001896633475580844
baumgartner01supervised,0.001896633475580844
gottlob02monadic,0.0
ianni01intelligent,0.0
462179,0.000474158368895211
buffet02adaptive,0.0
46363,0.006638217164532954
prodromidis99comparative,0.0
4664,0.006164058795637743
brass99equivalence,0.005057689268215584
483769,0.0
46840,0.000474158368895211
46858,0.000948316737790422
470345,1.0
setzkorn02evolving,0.0
470572,0.001896633475580844
roy01toward,0.000948316737790422
471147,1.0
dam01antitonic,0.0
471293,0.2
fjeld99designing,0.0
475183,0.001422475106685633
527235,0.0
528700,0.0
529964,0.0
47625,0.015647226173541962
peng01automatic,0.0
476368,0
4799,0.003793266951161688
484682,0.0
christina99detecting,0.000948316737790422
helmer01automated,0.000474158368895211
ragsdale00adaptation,0.0
48055,0.05257626047099724
454034,0.0
callan99automatic,0.011221748063853327
fiebig97raw,0.04794531373478741
kim00heterogeneous,0.0
lam01overview,0.0
liu98statistical,0.008060692271218587
vogt00how,0.0
yu99finding,0.008060692271218587
yu99methodology,0.005057689268215584
48156,0.000474158368895211
gandon02multiagent,0.0
482081,0
487862,0.000474158368895211
527640,0.0
488749,1.0
470087,0.0
491166,0.000474158368895211
hindriks00architecture,0.0
492133,0.000474158368895211
539922,0.0
494575,0.6666666666666666
meier01towards,0.0
reijers01requirements,0.0
49524,0.000948316737790422
poupyrev98virtual,0.000474158368895211
50068,0.006164058795637743
537176,0.0
50141,0.000474158368895211
50203,0.003793266951161688
232896,0.0
jagadish99querying,0.002370791844476055
50337,0.001422475106685633
jonker99multiagent,0.000474158368895211
505452,0.5
bartoli02nonlinear,0.0
506507,0.000474158368895211
devedzic01knowledge,0.0
508147,0.000474158368895211
ben-ameur02multiitem,0.0
509926,0.001422475106685633
jalali-sohi01integrated,0.0
jalali-sohi01multimodal,0.0
roth01scalable,0.0
51036,0.000948316737790422
slivinskas01adaptable,0.0
51542,0.000474158368895211
lutz99complexity,0.0
51607,0.008534850640113799
zhang01maximum,0.000474158368895211
518472,0.6666666666666666
estlin98using,0.0
veloso94learning,0.0
5188,0.006914809546388494
brand00style,0.000474158368895211
520593,0.000948316737790422
52576,1.0
krisnamurthy00intelligent,0.0
527475,0.00474158368895211
529503,0.07142857142857142
533604,0.0
53191,0.000948316737790422
532140,0.001422475106685633
luck01conceptual,0.000474158368895211
zini01caselp,0.0
538013,0.000474158368895211
533891,0.0
539761,0.004267425320056899
ali98implementing,0.0
bryson00study,0.002844950213371266
nareyek00intelligent,0.0
finn01fact,0.000948316737790422
kosala00web,0.002844950213371266
5541,0.000474158368895211
bergamaschi98semantic,0.0
55643,0.000474158368895211
55740,0.024656235182550973
424127,0.0
ambite00flexible,0.000948316737790422
bauer99trias,0.000474158368895211
camacho00multiagent,0.000474158368895211
camacho00travelplan,0.000474158368895211
camacho01mapweb,0.0
ghani00data,0.003319108582266477
muslea01hierarchical,0.002844950213371266
oyama00cooperative,0.0
pynadath99toward,0.0
55934,0.000948316737790422
parsons98argumentation,0.0
56093,0.001422475106685633
sloman99building,0.000948316737790422
56124,0.007586533902323376
380343,0.0
492009,0.0
dhillon01coclustering,0.000474158368895211
dhillon01concept,0.002370791844476055
ghani01using,0.000474158368895211
56231,0.03259838786154576
soderland01building,0.0
soderland99learning,0.026434329065908015
thompson99active,0.004267425320056899
57205,0.000948316737790422
64225,0.000474158368895211
rosales99trajectory,0.0
5749,0.002844950213371266
491341,0.0
wactlar00informedia,0.0
60236,0.000948316737790422
60365,0.08333333333333333
60728,0.000474158368895211
bellatreche00what,0.0
60765,0.003793266951161688
ganti98clustering,0.002370791844476055
61706,0.000474158368895211
315153,0.0
62580,0.001422475106685633
406717,0.0
bartolini01feedbackbypass,0.0
ciaccia00imprecision,0.000474158368895211
62931,0.000948316737790422
63224,0.3333333333333333
63694,0.000474158368895211
7537,0.00474158368895211
popescul00automatic,0.0
seymore99learning,0.010431484115694643
6439,0.001422475106685633
cassell01more,0.000948316737790422
cassell02mack,0.000474158368895211
64654,0.006914809546388494
japan98learning,0.000474158368895211
64765,0.004267425320056899
32215,0.0
marsella99being,0.000948316737790422
65714,0.011379800853485065
wang00concept,0.001896633475580844
65816,0.008060692271218587
collier99genia,0.0
friedman01multivariate,0.0
gotoh00language,0.0
gotoh00topicbased,0.000474158368895211
slonim00document,0.000948316737790422
slonim01power,0.000474158368895211
6729,0.003319108582266477
306088,0.0
bertelsen99augmenting,0.0
mackay98augmented,0.000948316737790422
mertz00pushing,0.0
mertz98conception,0.000474158368895211
67522,0.007554923344397028
artale00expressivity,0.0
bennett00combinations,0.000474158368895211
sturm00tableau,0.007159791370317686
67963,0.000474158368895211
surmann00five,0.0
6875,0.000948316737790422
68836,1.0
jansche01information,0.0
70265,0.002844950213371266
7036,0
71059,0.006164058795637743
71076,0.01849217638691323
iglesias99survey,0.018018018018018018
73094,0.625
rasheed97guided,0.5
74239,0.002844950213371266
jain99statistical,0.001896633475580844
7436,0.025130393551446185
74980,0.000948316737790422
cardie99integrating,0.0
346889,0.0
456508,0.0
538247,0.0
chen00websail,0.001422475106685633
shkapenyuk01design,0.0
75402,0.8333333333333334
66638,0.0
amato98obprm,0.8333333333333334
amato99probabilistic,0.0
bohlin00path,0.0
76283,0.5
12060,0.0
77796,0.001896633475580844
wijsen01query,0.0
7785,0.5
omlin98equivalence,0.0
78173,0.013276434329065908
78547,0.006164058795637743
194227,0.0
360736,0.0
ahanger99technique,0.0
jaimes00integrating,0.0
rui99image,0.002370791844476055
slaughter00open,0.0
7980,0.000474158368895211
flach99firstorder,0.0
81142,0.6666666666666666
jonsson00planning,0.0
simmons00first,0.0
8204,0.000948316737790422
li01webdocument,0.0
mortazavi-asl01discovering,0.0
82362,1.0
441105,0.0
8263,0.002370791844476055
kotagiri01transaction,0.0
labrou99interoperability,0.0
83259,0.007317844159949422
83444,1.0
210930,0.0
bellardo00implementing,0.0
cadoli98survey,0.2
eiter00difference,0.0
845,0.002370791844476055
drummond97using,0.0
84830,0.5
337032,0.0
thomas00creating,0.0
85838,0.000474158368895211
87014,0.002370791844476055
458208,0.0
535887,0.0
87928,0.03228228228228228
511540,0.0
amitay00incommonsense,0.0
bailey01engineering,0.0
cohn01missing,0.0026868974237395293
davison99discoweb,0.005057689268215584
guillaume02web,0.0
jeh02simrank,0.000474158368895211
levene01web,0.000474158368895211
menczer02topicdriven,0.0
rocha00biologically,0.0
terveen98evaluating,0.011261261261261262
terveen99constructing,0.000948316737790422
88449,0.000474158368895211
528932,0.0
89078,0.000948316737790422
neumann99augmented,0.000474158368895211
8922,0.003319108582266477
460643,0.0
brown98utility,0.003319108582266477
brown99active,0.000948316737790422
joseph01why,0.0
89384,0.000948316737790422
8956,0.002844950213371266
275630,0.0
460958,0.0
ghani00using,0.000948316737790422
rennie01improving,0.000474158368895211
90208,0.25
90507,0.005215742057847321
cunningham01developing,0.0
esteban01using,0.0
he00comparative,0.0
nahm02text,0.0
9105,0.005215742057847321
zhao02criterion,0.0
91978,0.003793266951161688
68623,0.0
89879,0.0
baral00reasoning,0.000948316737790422
degiacomo99incremental,0.0
kennedy98anomaly,0.0
kennedy99distributed,0.0
92649,1.0
185650,0.0
940,0.001422475106685633
chakrabarti98scalable,0.0
zavrel00information,0.0
94992,0.6666666666666666
sachdev98exploration,0.0
sachdev98spatial,0.0
444471,0.0
diao00toward,0.000474158368895211
middleton02exploiting,0.0
9576,1.0
312028,0.0
95810,0.001422475106685633
mudgal00bilateral,0.000474158368895211
grahne01algebraic,0.0
hammer99information,0.0
9619,0.000948316737790422
dorohonceanu00novel,0.000474158368895211
96518,0.003319108582266477
9683,1.0
su00replicable,0.0
98111,1.0
107700,0.0
abberley99thisl,0.000474158368895211
couvreur99speaker,0.0
abello99maximum,0.000948316737790422
bomze99maximum,0.000474158368895211
520409,0.0
abiteboul01representing,0.001422475106685633
abiteboul98logical,0.001422475106685633
meuss98dag,0.000474158368895211
abowd00charting,0.002844950213371266
abowd00classroom,0.6666666666666666
rom00gaia,0.3333333333333333
abraham00optimal,0.3333333333333333
421280,0.0
accot97beyond,1.0
isokoski01model,0.0
acharya98active,0.45454545454545453
300584,0.0
acharya99selectivity,0.000474158368895211
adams99stable,1.0
251052,0.0
advani99integrating,1.0
mk00implementing,0.0
535484,0.0
pant02exploration,0.000948316737790422
srinivasan02web,0.0
radev02probabilistic,0.0
agouris98intelligent,0.5
baltsavias00integrating,0.0
agrawal00athena,0.000474158368895211
aguil00querying,0.000948316737790422
barbosa01tox,0.000474158368895211
aha91casebased,0.020862968231389285
5234,0.0
73259,0.0
75123,0.0
77029,0.0
dotsch96good,0.001264422317053896
globig95learning,0.0
iglezakis00towards,0.0
jantke93casebased,0.011379800853485065
jantke93types,0.011735419630156473
jantke94nonstandard,0.002844950213371266
jantke97necessity,0.0026078710289236607
jantke97theoretical,0.002449818239291924
mair99investigation,0.000474158368895211
petrak95objectoriented,0.0
racine97maintaining,0.000948316737790422
tammer96learning,0.0
wess94casebased,0.003793266951161688
aha97casebased,0.000474158368895211
362539,0.0
aha97learning,0.000474158368895211
aha98feature,0.001422475106685633
aha98omnipresence,0.000948316737790422
kaburlasos00learning,0.000474158368895211
ahamad99scalable,1.0
tari00cache,0.0
aksoy98textural,1.0
47700,0.0
alferes98dynamic,0.001896633475580844
ali00incremental,0.000948316737790422
440239,0.0
allen99control,0.000948316737790422
418446,0.0
449668,0.0
almeida01analyzing,0.000474158368895211
502499,0.0
11805,0.0
amato98supporting,0.000474158368895211
375693,0.0
ambite01fast,0.0
ambite01simplifying,0.000474158368895211
ambite98ariadne,0.003793266951161688
307463,0.0
444362,0.0
445103,0.0
ashish98optimizing,0.000474158368895211
yang00shopping,0.000474158368895211
ambroszkiewicz97model,0.000474158368895211
ambroszkiewicz99agent,0.0
ambroszkiewicz98cooperation,0.000474158368895211
ambroszkiewicz98team,0.000474158368895211
amin01agentbased,0.000474158368895211
amin02towards,0.0
amin99agentoriented,0.000474158368895211
huget02desiderata,0.0
amiri00dynamic,0.18181818181818182
534081,0.0
bowman01hybrid,0.0
amiri00highly,0.2727272727272727
amitay98using,0.004267425320056899
amyot00extension,1.0
292710,0.0
anastasi99reliable,0
andersen00what,1.0
510049,0.0
andersson99intelligent,0.000474158368895211
443805,0.0
ando03mostlyunsupervised,0.000474158368895211
andre98integrating,0.006164058795637743
257460,0.0
decarolis00verbal,0.000474158368895211
kopp00knowledgebased,0.001422475106685633
poggi00eye,0.001896633475580844
andre99integrating,0.001422475106685633
klesen00exploiting,0.0
prendinger01social,0.0
antoniou98normal,1.0
320482,0.0
aoki99realtime,0.004583530899320373
485564,0.0
clarkson00recognizing,0.003635214161529951
mayol00wearable,0.0
appiani00multiagent,0.000474158368895211
532227,0.0
arampatzis00evaluation,0.6666666666666666
arampatzis00term,0.0
lin01indexing,0.0
argamon98routing,0.000948316737790422
finn02genre,0.000474158368895211
arge99efficient,0.000948316737790422
vitter99external,0.000474158368895211
arisha99impact,0.005531847637110795
385259,0.0
dix00impact,0.0
dix00multi,0.0
arkin98cooperative,0.001422475106685633
werger00ayllu,0.000948316737790422
arleo00spatial,1.0
arleo99neuromimetic,0.0
armstrong99boticelli,0.5
aron99efficient,1.0
kokku02halfpipe,0.0
artale01reasoning,0.006582898688161845
hodkinson99decidable,0.008060692271218587
asada00overview,0.000474158368895211
asada98robocup,0.0158052789631737
392483,0.0
kitano97robocup,0.01422475106685633
picault00robots,0.000474158368895211
veloso98playing,0.000948316737790422
ashri00paradigma,0.000474158368895211
445235,0.0
aslam98static,1.0
298502,0.0
athnes00human,0.000948316737790422
mertz00influence,0.0
attardi99theseus,0.000948316737790422
aylett00applying,0.000948316737790422
azuma99challenge,0.001896633475580844
azuma99tracking,0.000474158368895211
schndelbach01augurscope,0.000474158368895211
auer00hybrid,0.0
baader98matching,0
bachpedersen98multidimensional,0.000948316737790422
537391,0.0
baerentzen97learning,1.0
bagnell01autonomous,0.14285714285714285
bailey95active,0.002844950213371266
baker01heuristic,0.2857142857142857
454312,0.0
455229,0.0
baker98distributional,0.008060692271218587
baker98survey,1.0
252229,0.0
balch94communication,0.003793266951161688
han99automated,0.000474158368895211
michaud99managing,0.001422475106685633
bandi98space,1.0
choi00randomized,0.0
choi01probabilistic,0.0
banko99generating,1.0
mittal99selecting,0.8
baralis00algebraic,0.000948316737790422
bardram97plans,0.000948316737790422
532291,0.0
reddy01coordinating,0.0
baron99voxelbased,1.0
bentley99three,0.0
barros96business,0.75
70863,0.0
82834,0.0
barros97integrated,0.0
barros97towards,0.25
edmond98achieving,0.125
bartoli01three,0.5
barve99modeling,0.000948316737790422
basili00language,1.0
410405,0.0
basin99reflective,0.000474158368895211
bassiliades00edevice,0.5
bastert01landscapes,1.0
flamm01barrier,0.0
basu01evaluating,0.000474158368895211
bates98state,1.0
emmerich00software,0.0
bates98using,0.001896633475580844
liebig99event,0.000948316737790422
saif01communication,0.0
bauer99infobeans,0.000474158368895211
bauer00programming,0.0
baulier00datablitz,1.0
son02qos,0.0
baxter01dab,0.5
beaudouin-lafon00instrumental,0.000474158368895211
tandler01software,0.0
bechhofer01oiled,0.000474158368895211
sure02ontoedit,0.0
becker99gripsee,1.0
schmidt00novel,0.0
bederson00jazz,0.001896633475580844
441239,0.0
446289,0.0
bederson95pad,0.001422475106685633
combs99does,0.000474158368895211
beeferman99statistical,0.003319108582266477
mccallum00maximum,0.002844950213371266
beetz98causal,1.0
25137,0.0
beigi97metaseek,0.010431484115694643
291240,0.0
305534,0.0
420817,0.0
benitez98contentbased,0.000948316737790422
laaksonen99picsom,0.000474158368895211
hupfeld00spatially,0.002844950213371266
schmidt01how,0.000474158368895211
benerecetti97model,0.002844950213371266
hustadt00verification,0.0
wooldridge02model,0.000474158368895211
benetti01sidesigner,0.000948316737790422
455692,0.0
bergamaschi01mobile,0.0
beneventano00information,0.001896633475580844
gelati01agents,0.0
benford00designing,0.0017780938833570413
druin99role,0.001422475106685633
369356,0.0
benitez98using,0.008060692271218587
glover99architecture,0.005215742057847321
glover99recommending,0.000474158368895211
dixon00resolutionbased,0.0
benoit98audiovisual,0.000474158368895211
502274,0.0
benton98compiling,1.0
chothia01distributed,0.0
benzaken98static,1.0
spelt99theorem,0.0
bergamaschi98intelligent,0.00995732574679943
bergamaschi99intelligent,0.001896633475580844
bergamaschi99semantic,0.009009009009009009
bernstein00panel,0.0011853959222380276
bernstein00vision,0.001422475106685633
bernstein00data,0.0011853959222380276
claypool01sangam,0.0
bertelsen99dynamics,0.000474158368895211
bertino01measuring,0.0
bertino98definition,0
bertino99approach,1.0
bertino99enhancing,0
bettini01klava,0.000474158368895211
bettini01xklaim,0.0
bettini99symbolic,0.14285714285714285
bhalotia02keyword,0.0
bharat98improved,0.028923660502607872
529556,0.0
532128,0.0
536016,0.0
540380,0.0
bharat99comparison,0.000474158368895211
dean99finding,0.009799272957167695
dom99mining,0.005689900426742532
dwork01rank,0.000948316737790422
efe00shape,0.000474158368895211
flake02selforganization,0.0
lawrence99text,0.001422475106685633
leung01towards,0.0
menczer01evaluating,0.004267425320056899
srinivasan02target,0.0
sun01world,0.0
bihlmeyer98dlv,0.4
102637,0.0
billard98experiments,0.001896633475580844
dautenhahn99bringing,0.0
billinghurst98wearable,0.008534850640113799
billsus00learning,0.000474158368895211
youll00impulse,0.0
binder01design,0.000474158368895211
bishop98gtm,0.010027320553636344
schuster98neural,0.0
smola01regularized,0.0
biskup00decomposition,1.0
bjrk00powerview,0.000948316737790422
537127,0.0
black98probabilistic,1.0
sherrah00fusion,0.0
blockeel00executing,0.14285714285714285
driessens01speeding,0.07142857142857142
blockeel98topdown,0.42857142857142855
507172,0.0
deraedt01three,0.0
deraedt98three,0.0
blum01learning,0.000948316737790422
szummer02partially,0.0
bohlen00temporal,0.000948316737790422
boley99document,0.006638217164532954
boll99emp,0.5
bollacker98citeseer,0.00995732574679943
526525,0.0
bollacker99system,0.001896633475580844
middleton01capturing,0.000474158368895211
boloni99multiplane,1.0
palacz99isomorphism,0.0
bolotov99clausal,0.000948316737790422
pelillo99continuousbased,0.0
boncz98flattening,0.00474158368895211
florescu99performance,0.002370791844476055
bongard00legion,0.3333333333333333
potter01heterogeneity,0.0
bonifati01pushing,0.000948316737790422
bonifati01warehousing,1.0
casati01improving,1.0
bonner98logic,0.003319108582266477
godfrey98integrity,0.001422475106685633
schuldt99transactions,0.0
bonnet98partial,0.003319108582266477
bonnet99query,0.7142857142857143
272797,0.0
bonnet00query,0.0
heidemann01building,0.2857142857142857
borchers00pattern,0.0
boros98how,1.0
gallwitz98erlangen,0.0
borrajo93bounded,1.0
botchers96layout,1.0
540663,0.0
bowling01convergence,1.0
bowling01rational,1.0
bowling02multiagent,0.0
bradford98performance,1.0
bradford99characterization,0.0
bradford98pruning,0.002370791844476055
32746,0.0
helmer01software,0.000474158368895211
kurki99agents,0.000474158368895211
lisetti00automatic,0.0
brafman98knowledge,0.09090909090909091
jenkins00primitivebased,0.0
brandt00antisocial,0.5
brandt01antisocial,0.0
brandt01vicious,0.3333333333333333
brandt00exploring,1.0
brandt01cryptographic,0.16666666666666666
braumandl98evaluating,1.0
braumandl00functional,0.0
brazier01automated,0.001896633475580844
brazier02agent,0.001422475106685633
531713,0.0
castelfranchi99deliberate,0.005689900426742532
jonker01temporal,0.0
breazeal98regulating,1.0
johnson00affectively,0.0
bredin99economic,0.003319108582266477
535112,0.0
gomoluch01information,0.0
kotz99mobile,0.001896633475580844
brewington99mobile,0.007112375533428165
493991,0.0
baek01cost,0.0
corradi01policy,0.0
jain00comparison,0.0
uhrmacher00modeling,0.001422475106685633
wilson01framework,0.000474158368895211
brin98anatomy,0.08108108108108109
117999,0.0
128239,0.0
165504,0.0
319653,0.0
362175,0.0
452308,0.0
454190,0.0
455752,0.0
455785,0.0
500641,0.0
509713,0.0
517801,0.0
520488,0.0
527578,0.0
534078,0.0
537134,0.0
brin98what,0.000948316737790422
buyukkokten99exploiting,0.004267425320056899
cho00synchronizing,0.002370791844476055
cleary00generating,0.000474158368895211
dimitrova02web,0.000474158368895211
funkhouser02search,0.0
godbole01document,0.0
hirai99webbase,0.007112375533428165
kim00using,0.000474158368895211
lawrence98context,0.01928244033507191
lawrence99searching,0.002844950213371266
lempel01picashow,0.0
lin02discovering,0.0
mann01validating,0.000474158368895211
mcgowan02who,0.0
najork01breadthfirst,0.003793266951161688
najork01highperformance,0.001422475106685633
page98pagerank,0.08108108108108109
park01analysis,0.0
schmidt01xml,0.000948316737790422
soundalgekar01internet,0.0
thies02searching,0.0
488525,0.0
stevens01oiling,0.0
brown01switch,0.000474158368895211
brown98iadea,0.001422475106685633
bruderlin97hierarchical,1.0
115390,0.0
kadobayashi98seamless,0.0
brumitt00better,0.000474158368895211
bruni00algebraic,1.0
bruni01two,0.0
bruno01stholes,0
brusilovsky98adaptive,1.0
milicevic00socratenon,0.0
bruyninckx00autonomous,1.0
443654,0.0
bryson00architectures,0.001422475106685633
bryson00hypothesis,0.0
bryson01modularity,0.000474158368895211
bryson00crossparadigm,0.001896633475580844
bryson00making,0.000948316737790422
wermter01emergent,0.0
obitko01ontologies,0.0
bui99invariant,0.000474158368895211
buneman98path,0.00474158368895211
337690,0.0
buneman98equality,0.0
burke01salticus,0.000474158368895211
burkhard99bdi,0.000474158368895211
490051,0.0
burnett00exception,0.3333333333333333
burnett01forms,0.0
busetta99jack,0.003793266951161688
399430,0.0
467024,0.0
531754,0.0
giunchiglia01tropos,0.0
winikoff01simplifying,0.0
busi00expressiveness,1.0
333040,0.0
butz00augmenting,0.000474158368895211
butz01algorithmic,1.0
538003,0.0
buyukkokten00seeing,0.000948316737790422
528220,0.0
kaljuvee01efficient,0.000474158368895211
cabri00mars,0.007586533902323376
449211,0.0
498960,0.0
schimkat01maintaining,0.0
zambonelli01organisational,0.000948316737790422
cabri00xml,0.001422475106685633
cabri98reactive,0.007586533902323376
cacheda01superimposing,0.000474158368895211
cachin99computationally,1.0
beimel99oneway,0.0
prendinger00hyper,0.0
nottelmann01mind,0.0
calvanese00containment,0.005215742057847321
calvanese01description,0.000474158368895211
calvanese99unifying,0.009325114588272482
artale02temporal,0.0
franconi00general,0.0
camerer00ewa,1.0
ho01economic,0.0
cantu-paz00using,1.0
cantu-paz00combining,0.0
carbonell98report,0.003319108582266477
cardie93using,0.00995732574679943
348716,0.0
cardie97improving,0.003793266951161688
haynes96learning,0.001422475106685633
howe97examining,0.005215742057847321
cardie99guest,0.000474158368895211
carreras01hybrid,0.21428571428571427
carro99concurrency,0.000948316737790422
carson99blobworld,0.75
533789,0.0
536579,0.0
carvalho00hybrid,0.000474158368895211
carvalho00genetic,0.0
carver00methodology,0.000948316737790422
casillas00improving,0.5
casillas01different,0.0
casillas00methodology,0.5
cassell00nudge,0.000948316737790422
506993,0.0
stocky02conveying,0.0
cassell99fully,1.0
444527,0.0
cassell99requirements,0.002370791844476055
dignum00towards,0.002370791844476055
ceska01generating,0
chagas98learning,1.0
527187,0.0
530219,0.0
chakrabarti01integrating,0.001896633475580844
chakrabarti98automatic,0.03698435277382646
menczer99adaptive,0.007586533902323376
modha00clustering,0.0
santini01query,0.0
chalmers98order,0.000474158368895211
chamberlin00quilt,0.007112375533428165
502516,0.0
chien01ecient,0.0
galanis01following,0.0
jiang02path,0.0
chan98approximate,0.6666666666666666
34291,0.0
maneewongvatana99analysis,0.0
domingos99metacost,0.0
smith00neural,0.0
chan99possible,0.001896633475580844
chang98data,0.000474158368895211
chang98global,0.000474158368895211
chang99automatic,1.0
chiueh99charm,0.0
chaudhri98okbc,0.002370791844476055
mcguinness00conceptual,0.0
chen00algebraic,0.14285714285714285
chen00niagaracq,0.00474158368895211
faensen01hermes,0.000474158368895211
llirbat01filtering,0.0
madden01fjording,0.0
chen01txnwrap,0.001422475106685633
chen01detection,0.0
zhang01dyda,0.000474158368895211
chen98webmate,0.00995732574679943
346630,0.0
537581,0.0
pagonis99evolving,0.000474158368895211
sycara98context,0.0
widyantoro99dynamic,0.0
chen99dna,1.0
crutchfield99evolutionary,0.0
chen99dynamic,0.000948316737790422
chen99introducing,1.0
128910,0.0
cheverst00developing,0.001896633475580844
chien00comparative,0.002844950213371266
chien00version,0.002844950213371266
chirkova00linearly,0.003793266951161688
cho00estimating,0.0
cho02parallel,0.0
gal01managing,0.0
choppy00control,0
christel98information,0.125
christel99interactive,0.0625
christiansen99integrity,0.000474158368895211
abdennadher00experimental,0.0
chung01dynamic,0.000474158368895211
cicirello01wasp,0.001422475106685633
parunak01erims,0.000948316737790422
ciravegna00bringing,0.002370791844476055
ciravegna00learning,0.001422475106685633
ciravegna01lp,0.0
459183,0.0
clark00location,0.1875
366926,0.0
clark00what,1.0
488171,0.0
417409,0.0
claypool99combining,0.001896633475580844
307090,0.0
531929,0.0
claypool99ounce,0
codish98efficient,1.0
codish98widening,0.0
king98practical,0.0
coellocoello99treating,1.0
coellocoello99updated,0.0
coetzee00feature,0.002370791844476055
schallehn02extensible,0.0
fernyhough99constructing,0.0074758969495811595
wolter00spatiotemporal,0.0071518887308360994
conati00toward,0.000948316737790422
443913,0.0
452812,0.0
conrad00xml,0
coppin00eventscope,1.0
coppin01reality,0.0
cox96introspective,0
crabbe99secondorder,1.0
craven98learning,0.06344238975817924
dipasquo98using,0.0045045045045045045
friedman99learning,0.004623044096728307
nigam99text,0.029081713292239606
cremonini00ruling,0.000948316737790422
crescenzi01roadrunner,0.001896633475580844
445591,0.0
critchlow98automatic,1.0
457569,0.0
critchlow00datafoundry,0.0
critchlow98metadata,0.3333333333333333
cruz99preserving,0.000474158368895211
cruz99user,0.000474158368895211
cui01lineage,0.0
cui99practical,1.0
galhardas01improving,0.0
cumby00relational,0.000474158368895211
336904,0.0
cummins99automatic,1.0
cummins99language,0.0
cunningham99experience,0.000474158368895211
czajkowski98jres,0.012233285917496443
bellavista01how,0.0
minar99hive,0.008890469416785207
vitek99secure,0.000948316737790422
dahl99eel,0.000948316737790422
damiani97semantic,1.0
435716,0.0
damiani97structuring,1.0
84358,0.0
dantsin99complexity,0.003793266951161688
das98rule,1.0
74893,0.0
datta98case,0.004267425320056899
moon98scalable,0.002370791844476055
samtani98recent,0.000474158368895211
dayal01business,0.000474158368895211
529138,0.0
494121,0.0
decker01multiagent,0.000948316737790422
445758,0.0
decker01extending,0.0
decker95coordination,0.001896633475580844
243755,0.0
vincent01agent,0.0
decker95environment,0.008060692271218587
17752,0.0
bilgic97risk,0.0
bilgic97system,0.0
decker98coordinating,0.0
obrst97constraints,0.0
prasad96offline,0.0
prasad99learning,0.000474158368895211
wagner99toward,0.0
weiss99achieving,0.0
decleir99database,0.5
tran00videograph,0.0
defalco98optimizing,0.000474158368895211
castillo99gpropii,0.0
degaris99building,1.0
261630,0.0
degaris00simulating,0.0
degaris99evolving,0.0
degeratu01latencydependent,0.002370791844476055
pant02myspiders,0.001896633475580844
dekhtyar99probabilistic,0.14285714285714285
delgado99multiagent,0.000474158368895211
joslyn99semiotic,0.0
della99internet,1.0
502491,0.0
deloach01analysis,0.000474158368895211
deloach01specifying,0.001422475106685633
deloach99multiagent,0.00940414098308835
186486,0.0
30500,0.0
446625,0.0
507954,0.0
knublauch02extreme,0.0
tveit01survey,0.0
wood00overview,0.006480164374901217
denoue00annotation,0.002370791844476055
denti00luce,0.000474158368895211
denti99from,0.000474158368895211
deutschmann98compressive,1.0
higgins99integrated,0.0
devanbu99chime,1.0
cox99model,0.0
devaney98needles,0.000474158368895211
dewhurst98knowledge,1.0
freitas98pkdd,0.0
diaconescu99componentbased,0.000474158368895211
diao00comparative,0.000474158368895211
dicaro98antnet,0.003793266951161688
amin02dynamic,0.0
cicirello01ant,0.0
helvik01using,0.000948316737790422
varela99ant,0.001422475106685633
dick99mocsyn,1.0
474192,0.0
dietterich98approximate,0.018018018018018018
garcke02classification,0.0
463357,0.0
broersen01boid,0.0
lopez01framework,0.0
rahwan00virtual,0.0
504568,0.0
dinverno97formal,0.000948316737790422
baldoni00intentionguided,0.0
dix98nonmonotonic,0.001422475106685633
232607,0.0
dix99places,0.002370791844476055
dolan00benchmarking,0.5
chen01optimal,0.0
domingos00mining,0.000948316737790422
kargupta01mobimine,0.0
dong99maintaining,1.0
libkin99power,0.0
donini98allog,0.000474158368895211
tews02gday,0.0
dourish01seeking,1.0
536952,0.0
dragoni00updating,0.001422475106685633
dreilinger96information,0.025604551920341393
howe97savvysearch,0.024656235182550973
dreilinger97experiences,0.038288288288288286
drori00using,0.000948316737790422
536996,0.0
druin99designing,0.002370791844476055
316446,0.0
du97categorization,1.0
du98vulnerability,0.0
dubois99classification,1.0
dubois00augmented,0.0
duch00computational,0.3333333333333333
duch00eliminators,0.0
duch00optimization,0.6666666666666666
duch98minimal,1.0
duch98optimization,0.0
dumais00hierarchical,0.000474158368895211
dumais01optimizing,0.0
dumas98handling,0.003793266951161688
gurret99basis,0.0
tawfik01temporal,0.0
dunlop00development,0.000474158368895211
dutech01multiagent,0.000474158368895211
540845,0.0
dwyer99patterns,1.0
dwyer99flow,0.0
dyreson99capturing,0.000474158368895211
dyreson99efficiently,0.14285714285714285
dzeroski98detecting,0.07142857142857142
manolescu01microworkflow,0.0
ehmann01accurate,0
eidenbenz00atomi,0.5
eijk98informationpassing,1.0
kumova00flexible,0.0
251444,0.0
eiter98firstorder,0
emmerich00implementing,0.000474158368895211
erdem98task,0.000474158368895211
366169,0.0
eriksson98sics,0.001896633475580844
488116,0.0
eriksson98to,0.0
escudero00boosting,0.000948316737790422
esposito00machine,1.0
altamura00transforming,0.0
mataric00sensorymotor,0.000948316737790422
ester00dctree,0.75
387378,0.0
stanoi00reverse,0.5
ezeife01selecting,1.0
xu00maintaining,1.0
faber98representing,0.4
455694,0.0
falk99amplifying,0.000474158368895211
458630,0.0
falk99bubblebadge,0.001896633475580844
dempski99augmented,0.0
ljungstrand99wearboy,0.000948316737790422
fang98computing,0.002844950213371266
faruquie00translingual,1.0
458790,0.0
fayyad98initialization,0.001896633475580844
bradley98mathematical,0.0
feder00computing,0.000948316737790422
289242,0.0
khanna01computing,0.0
fegaras98new,0.000474158368895211
kosch99managing,0.0
fegaras98query,0.003793266951161688
fegaras99voodoo,0.0
feiner99wearing,0.000474158368895211
bauer01design,0.0
fels98glovetalkii,0.000474158368895211
377458,0.0
fensel00workshop,0.003319108582266477
fensel98ontobroker,0.002370791844476055
bertino99conceptual,0.0
consortium00corporate,0.0
fent00logical,0.5
ferguson95role,1.0
white98towards,0.75
ferhatosmanoglu01approximate,0.000474158368895211
462285,0.0
feris00detection,1.0
feris00tracking,0.0
fernandes00combining,0.0
ferragina98string,1.0
wang99ssuptree,0.0
fertig99fuzzy,0.25
521000,0.0
fickas99when,0.002370791844476055
438351,0.0
kortuem99close,0.001896633475580844
fikes99distributed,0.000474158368895211
filho98gathering,1.0
291837,0.0
fink99adaptable,0.5
kobsa99adapting,0.0
fischer00user,0.000948316737790422
446538,0.0
fischer96intelligent,0.001896633475580844
373023,0.0
oliveira00agents,0.000474158368895211
fjeld98build,1.0
fjeld98graspable,0.0
flach00abduction,0.001896633475580844
flach98strongly,0.002370791844476055
glover01improving,0.003793266951161688
flank98layered,0.000948316737790422
kruschwitz00extracting,0.000474158368895211
fleuret99graded,0.002370791844476055
florescu00integrating,0.001896633475580844
florescu99query,0.011379800853485065
489180,0.0
fox98active,0.005215742057847321
36645,0.0
525378,0.0
79013,0.0
fox98position,0.005215742057847321
roy99coastal,0.001422475106685633
schulte99spontaneous,0.0
fox99gateway,1.0
omer00javacorba,0.0
fox99sentinel,0.5
boyack01information,0.0
franconi00icom,0.000474158368895211
frank98generating,0.5
liu00extended,0.25
freitag99information,0.005689900426742532
eliassi-rad00instructable,0.0
grishman01adaptive,0.0
ray01representing,0.0
yangarber01scenario,0.000474158368895211
french98evaluating,0.01643749012170065
french99effective,0.000474158368895211
powell00impact,0.000474158368895211
freund98self,0.5
265990,0.0
539286,0.0
fuhr98hyspirit,1.0
ileperuma01mpeg,0.0
funt98is,1.0
tauber00localebased,0.0
gaizauskas98information,0.000474158368895211
galhardas00extensible,0.003319108582266477
527800,0.0
naumann00assessment,0.000474158368895211
gaskett00reinforcement,1.0
327456,0.0
georgeff99beliefdesireintention,0.001896633475580844
442794,0.0
fan01splitting,0.0
namee01proposal,0.0
nahm01mining,0.000474158368895211
giampapa00agent,0.000948316737790422
gibbins01scalability,0.5
moreau00mobile,0.0
ginsberg99gib,1.0
44892,0.0
grasso99augmenting,0.0
girod00development,0.000474158368895211
globig94casebased,0.00474158368895211
jantke97logical,0.0026868974237395293
glover00web,0.001896633475580844
346939,0.0
flake02extracting,0.0
godfrey97minimization,0.001896633475580844
71092,0.0
goguen99social,1.0
266462,0.0
goguen00overview,0.0
goldberg00eigentaste,0.000474158368895211
goldberg99coordinating,0.001422475106685633
sukhatme99embedding,0.000474158368895211
weiss99multiagent,0.0
goldberg99optimizing,0.6666666666666666
273716,0.0
parthasarathy01tackling,0.0
goldman00enhancing,0.001422475106685633
goldman98interactive,0.001422475106685633
cohen01equix,0.0
kan01domainspecific,0.0
good99combining,0.003793266951161688
goodman01representation,1.0
449876,0.0
gouveia98technological,1.0
gouveira98feasibility,0.0
graef00construction,0.000474158368895211
graham00towards,0.000948316737790422
granger02multiscale,0
gratch00emile,0.001422475106685633
greenberg98using,0.8571428571428571
477302,0.0
morse00collablogger,0.2857142857142857
pfister98room,0.0
greenberg99adapting,0.42857142857142855
greenwald01autonomous,1.0
445880,0.0
greiff98theory,0.000948316737790422
griffiths95concept,0.002370791844476055
38463,0.0
griffiths99cooperative,0.000474158368895211
panzarasa02formalizing,0.0
grignon99multiobjective,1.0
grignon99configuration,0.0
grimm01systems,0.000948316737790422
525023,0.0
jennings01aspects,0.0
grolimund95integrating,0.002370791844476055
grundy01developing,0.001422475106685633
531878,0.0
531895,0.0
grundy01software,0.0
guessoum99from,0.001896633475580844
gunn98support,0.001896633475580844
303146,0.0
guo00learning,0.000948316737790422
gustafson00adapt,1.0
melin01atlas,0.0
ha98geometric,1.0
haddaway99overview,1.0
cussens99loglinear,0.0
hahn95integrating,1.0
vandendoel01foleyautomatic,0.0
riley00behavior,0.0
han99efficient,0.5
mao01adaptivefp,0.0
zhu98line,0.0
hannebauer99rapid,0.000948316737790422
hannebauer99composable,0.0
hannebauer99dynamic,0.0
hanson99scalable,0.007586533902323376
harel99workload,1.0
harel00characterizing,0.0
harik99linkage,1.0
lobo99extended,0.3333333333333333
sastry01cluster,0.0
sastry01efficient,0.0
harik99parameterless,1.0
pelikan99parameterless,0.0
haritsa00realtime,0
hart99comparing,1.0
alberto00pattern,0.0
hattori99socialware,0.001896633475580844
hatzilygeroudis00neurules,0.75
hatzilygeroudis02multiinference,0.0
prentzas01webbased,0.0
prentzas02webbased,0.0
hatzilygeroudis01hymes,0.25
hawking01measuring,0.001422475106685633
hayashi00comparison,0.3333333333333333
hayden99architectural,0.000948316737790422
hayzelden99agent,0.5
hazelhurst98binary,1.0
457806,0.0
mateer99highlyavailable,0.0
evans01itr,0.0
robbert01astrolabe,0.0
heinonen96www,0.000948316737790422
heinze99plan,0.000474158368895211
heinzmann98visual,1.0
hekanaho98dogma,0.5
hellerstein98optimization,0.00948316737790422
499374,0.0
herbrich99regression,1.0
herbrich99support,0.0
herlea01secure,1.0
445175,0.0
herlocker00explaining,1.0
533894,0.0
hermansky98traps,1.0
hermansky99temporal,0.0
hermsdorf98webadapter,0.5
hero98robust,1.0
hero99estimation,0.0
heskes98solving,1.0
26655,0.0
hespanha99multipleagent,0.0
hetzler98multifaceted,0.5
heydon01vesta,1.0
mann01partial,1.0
himberg01time,0.000474158368895211
hinze01how,0.000474158368895211
535578,0.0
460628,0.0
530815,0.0
gomes02versus,0.0
hoadley99between,1.0
suthers01collaborative,0.0
sturm00firstorder,0.0
hohl99nexus,1.0
511280,0.0
leonhardi99virtual,0.0
holden97visual,0.000474158368895211
holden99adaptive,0.0
feiner99importance,0.0
holliday00database,1.0
304865,0.0
holliday00exploiting,1.0
315280,0.0
holmquist00play,0.000474158368895211
holmquist99supporting,0.003793266951161688
457393,0.0
holtman98automatic,0.75
300668,0.0
308770,0.0
340027,0.0
schaller99objectivitydb,0.0
schaller99reclustering,0.125
hoppenbrouwers98browsing,0.000474158368895211
horling01using,0.000474158368895211
horling99diagnosis,0.00474158368895211
273596,0.0
horling99using,0.001422475106685633
horrocks98using,0.012351825509720247
straccia01reasoning,0.0
horvitz99principles,0.002370791844476055
hoste00rule,1.0
433736,0.0
hourcade99architecture,0.000948316737790422
meng99estimating,0.00995732574679943
scime01websifter,0.000474158368895211
tzitzikas01democratic,0.000474158368895211
yu99efficient,0.005215742057847321
hu00mobile,0.000474158368895211
520300,0.0
svidzinska01world,0.0
huang00dialogue,1.0
406330,0.0
huang00running,1.0
huang01appliance,0.0
kiciman00using,0.0
huang01programmability,0.000474158368895211
huffman94instructable,1.0
huffman95flexibly,0.0
huget02agent,0.000948316737790422
huget02extending,0.000474158368895211
huget02language,0.001896633475580844
527452,0.0
hunter98ramification,0.000948316737790422
huntsberger98bismarc,1.0
pirjanian00campout,0.0
hussain98attribute,1.0
200824,0.0
hustadt00normal,0.001422475106685633
525666,0.0
wooldridge00agentoriented,0.001422475106685633
xu01agentbased,0.0
yim00architecturecentric,0.000474158368895211
ijspeert98evolving,0.002370791844476055
227347,0.0
ijspeert99evolution,0.002370791844476055
nehaniv99constructive,0.0
inoue99computing,0.000474158368895211
ishida99digital,0.6666666666666666
takahashi00location,0.3333333333333333
itti98model,0.1875
itti99comparison,0.0
itti99learning,0.0
jacob99software,0.000948316737790422
deligiannidis02dlove,0.0
salvucci00intelligent,0.0
jakobi98minimal,0.004267425320056899
231484,0.0
jakobi98running,0.003319108582266477
filliat99incremental,0.0
jamil00gql,1.0
jamil01case,1.0
jamil99belief,1.0
307172,0.0
383856,0.0
sakakibara94learning,0.005413308044886992
bridge98defining,0.0
filliat00active,0.0
jarke00concept,0.00948316737790422
jarke99architecture,0.1111111111111111
441373,0.0
jennings00autonomous,0.001896633475580844
lomuscio00classification,0.000474158368895211
jennings95controlling,0.03508771929824561
239748,0.0
445127,0.0
panzarasa01social,0.0
parsons98agents,0.007112375533428165
shehory99feasible,0.000474158368895211
tambe00adaptive,0.0
yen01cast,0.000948316737790422
jensen99learning,0.002844950213371266
klinkenberg00detecting,0.000474158368895211
joachims02unbiased,0.000474158368895211
nigam00analyzing,0.001422475106685633
wu00selfsupervised,0.0
johns01how,0.000948316737790422
497508,0.0
silverman01more,0.000474158368895211
johnson99cambridge,0.003319108582266477
jourlin99general,0.001896633475580844
wang00experience,0.0
jordan98introduction,0.007388967915283705
jording97anthropomorphic,1.0
lenzmann97contractnetbased,1.0
joslyn99levels,0.001422475106685633
rocha99syntactic,0.000474158368895211
vanthong00speechbot,0.000948316737790422
jr99identifying,0.001422475106685633
junker98learning,0.5
459887,0.0
kagal01highly,0.25
525119,0.0
kang00visualization,0.000474158368895211
kantarcioglu02privacypreserving,0.000474158368895211
karadkar00evolution,1.0
445220,0.0
karkanis00image,0.6666666666666666
magoulas01hybrid,0.0
plagianakos01tumor,0.0
karlgren98iterative,0.002370791844476055
rauber01integrating,0.001896633475580844
karlgren98stylistic,0.002844950213371266
folch00typtex,0.0
karnik99security,0.002844950213371266
510100,0.0
roth01programming,0.000948316737790422
kasif98probabilistic,1.0
frank99naive,0.0
kaski98dimensionality,1.0
kurimo99latent,0.0
kaur98improving,0.375
marsh00using,0.125
kayan99evaluation,0.2
lam00broadcasting,0.0
lam01broadcasting,0.0
kemme00new,0.2222222222222222
kemme98suite,0.8888888888888888
nicola99increasing,0.3333333333333333
stockinger01towards,0.0
wiesmann99systematic,0.1111111111111111
kendall00java,0.000474158368895211
459526,0.0
kendall97application,0.001422475106685633
bourdeau99three,0.0
davison98applying,0.0
rasheed98adaptive,0.0
khudanpur99maximum,1.0
rosenfeld00two,0.0
killijian01towards,0.6666666666666666
kim01secret,0.16666666666666666
467998,0.0
kim99compensatory,0
kim99effective,0.000948316737790422
papadias01indexing,0.000474158368895211
kinny96methodology,0.02781729097518571
509024,0.0
kinny97modelling,0.020041093725304254
schattenberg00planning,0.000474158368895211
wooldridge99methodology,0.015718349928876243
scerri99ease,0.0
kirste01reference,0
kostiadis99multithreaded,0.000948316737790422
malec00implementing,0.0
prokopenko00cyberoos,0.0
prokopenko98designing,0.000948316737790422
renambot00cavestudy,0.000474158368895211
spoelder00man,0.000948316737790422
kitano99robocup,0.000948316737790422
klein91supporting,0.04172593646277857
prasad96cooperative,0.001896633475580844
robinson99requirement,0.0
klein99computer,0.000474158368895211
kleinberg98microeconomic,0.002844950213371266
knight00system,0.3333333333333333
knight01visualisation,0.0
knight00virtual,1.0
469172,0.0
mann02testing,0.0
knowles99evolutionary,0.5
243743,0.0
knowles99pareto,1.0
knublauch00towards,0.000474158368895211
koch00integrating,1.0
lacher01facilitating,0.0
koch99simple,0.000474158368895211
kodratoff00comparing,1.0
311589,0.0
kohrs99improving,1.0
503542,0.0
koller98probabilistic,0.006069227121858701
noh99uncertain,0.000474158368895211
kon00flexible,0.5
kon00secure,1.0
kon00using,0.75
konda01actorcritic,0.001422475106685633
510434,0.0
kononenko95induction,0.6666666666666666
koperski98mining,0.14285714285714285
kopp00planning,0.001422475106685633
wachsmuth01lifelike,0.0
420411,0.0
touzet01side,0.0
bonchi01data,0.0
punin01web,0.0
koster99normalization,1.0
302729,0.0
306507,0.0
marques01providing,0.001422475106685633
koubarakis99querying,0.002844950213371266
kowalski98executing,0.004267425320056899
kowalski98from,0.003319108582266477
sadri00abduction,0.000474158368895211
sadri99abduction,0.001422475106685633
bozzano99logic,0.0
krink00parameter,1.0
539207,0.0
kubiatowicz00oceanstore,0.001896633475580844
kueng01holistic,1.0
508515,0.0
kumar01behaviorbased,0
kumar98beyond,1.0
509627,0.0
kushilevitz98efficient,1.0
arimura01efficient,0.0
kusiak00decomposition,0.000474158368895211
487737,0.0
kutulakos96affine,0.001422475106685633
behringer98improving,0.0
kwedlo99evolutionary,1.0
311786,0.0
kwok01scaling,0.000948316737790422
kwok98automated,0.001422475106685633
koskela00picsom,0.0
distefano01coordinating,0.0
dragoni00mental,0.0
lacorte99agent,0.25
dipietro99experiences,0.0
lagoze01open,1.0
bird01olac,0.0
laird94evolution,0.003319108582266477
lam99broadcast,0.1
lam99feature,0.000474158368895211
lamma99strategies,0
landau01atnosferes,1.0
landau02comparison,0.0
langheinrich00first,0.000948316737790422
langley94oblivious,0.001422475106685633
daelemans97featurerelevance,0.0
langley95acquisition,0.0
langley95applications,0.005215742057847321
162298,0.0
giraud-carrier98beyond,0.0
lau00version,0.000474158368895211
larocque00reversible,0
415731,0.0
lau99privacy,1.0
viegas00collections,0.0
lau99programming,0.000474158368895211
lavalle99randomized,0.16666666666666666
lavalle99visibilitybased,1.0
laviola99flex,0.001896633475580844
laviola99wholehand,0.001422475106685633
laviola99msvt,0.000474158368895211
krum02speech,0.0
lavrac00intelligent,0.3333333333333333
524967,0.0
snyders00confseek,0.0
lawrence98searching,0.029871977240398292
raghavan01crawling,0.000948316737790422
layzell98new,0.5
kalganova99evolving,0.0
lee00spectral,1.0
339430,0.0
lee00training,0.001422475106685633
467320,0.0
533620,0.0
marin01hybrid,0.0
lee01collaborative,0.000474158368895211
lee99unifying,1.0
67194,0.0
73250,0.0
lerner99comparative,0.002370791844476055
449513,0.0
garland00learning,0.0
miller01training,0.0
lester97cosmo,0.006638217164532954
leung98probabilistic,1.0
316064,0.0
weber00unsupervised,0.3333333333333333
weber00viewpointinvariant,0.0
leuschel98creating,0.5
vanhoof99bottomup,0.0
levene00computing,0.000948316737790422
524920,0.0
levene99justification,1.0
104045,0.0
levene99probabilistic,0.001422475106685633
levison96connecting,0.5
kallmann99behavioral,0.0
li00automatic,0.25
li98adome,1.0
chiu99meta,0.0
li99multifaceted,0.0
li98automatic,0.3125
liechti99nonobtrusive,0.002370791844476055
liechti00digital,0.0
lien98automated,1.0
pantic00expert,0.0
likas99training,1.0
449007,0.0
lim00comparison,1.0
kusiak01galgorithm,0.0
lim98extracting,0.000474158368895211
lin01efficiently,0
lin02acird,1.0
40506,0.0
lind01issues,0.000474158368895211
liskov99providing,1.0
grimm00revisiting,0.0
litman99empirically,0.000474158368895211
roy00finding,0.0
littman99solving,1.0
keim99proverb,0.0
liu00design,0.058823529411764705
liu98face,1.0
liu00learning,0.0
liu99face,0.5
liu98relationlog,0.6470588235294118
24678,0.0
82903,0.0
fraternali98proceedings,0.0
liu01rulebased,0.0
liu98logical,0.0
liu99partial,0.0
shan98introduction,0.058823529411764705
liu99deductive,0.17647058823529413
wuwongse01xml,0.0
liu99overview,0.11764705882352941
ljungstrand99webwho,0.001422475106685633
443668,0.0
ljungstrand00analysis,0.0
llc00deep,0.000474158368895211
locatelli00simulated,0
logan00distributed,0.000474158368895211
lohse97consumer,1.0
hoque98information,0.0
lovell98feature,0.002370791844476055
loyer99computing,1.0
lueg98supporting,1.0
lueg00information,0.0
lyons00guided,0.001422475106685633
starner00gesture,0.000948316737790422
macintyre96future,0.001896633475580844
457459,0.0
460214,0.0
gouveia98end,0.0
madhavan01generic,1.0
464721,0.0
294630,0.0
malis98positioning,0
mamoulis98integration,1.0
papadias99constraintbase,0.0
mankoff00providing,0.000474158368895211
mankoff98bringing,1.0
raskar01interacting,0.0
manmatha01modeling,0.000948316737790422
453805,0.0
mannila99prediction,0
marchionini98interfaces,0.001422475106685633
marchiori98simple,0.000948316737790422
marini00hemasl,0.001422475106685633
marini00specification,0.000948316737790422
mark00multiagent,0.007942152678994785
markatos98effective,1.0
markatos99caching,0.6666666666666666
glance00community,0.0
xie02locality,0.0
marmasse00locationaware,0.6666666666666666
508816,0.0
ashbrook02learning,0.0
marmasse99commotion,0.000474158368895211
marques00going,0.001422475106685633
509693,0.0
marques01integrating,0.000474158368895211
marques02componentbased,0.0
marsella98instructors,0.001422475106685633
marsh00maintaining,0.125
marsh99cooperative,0.375
marsic01adaptive,0.000474158368895211
martelli99logic,0.000948316737790422
martelli99specification,0.002370791844476055
martin00knowledge,0.000948316737790422
martin99embedding,0.003793266951161688
mascardi99agentbased,0.000474158368895211
mascolo99finegrained,0.001422475106685633
emmerich99incremental,0.0
mataric99making,0.000474158368895211
matthews99fuzzy,1.0
matthews00fuzzy,0.0
matzinger98computational,0
maurer00second,0
maynard01named,0.000474158368895211
mazumdar99achieving,0.1
lauzac01view,0.0
mcbreen00experimental,0.001422475106685633
404966,0.0
mcbreen01evaluating,0.0
mcgovern01automatic,1.0
455346,0.0
mchugh98indexing,0.00474158368895211
mchugh99optimizing,0.000474158368895211
meuss99improving,0.0
mcilraith01semantic,0.001422475106685633
496354,0.0
539185,0.0
mcroy95repair,0.8333333333333334
3489,0.0
ardissono00plan,0.0
ardissono96uso,0.0
mcroy98achieving,0.0
traum99speech,0.0
medl98multimodal,0.000948316737790422
meeden98trend,0.3333333333333333
meng99database,1.0
zhang99query,0.0
menzies00issues,1.0
althoff99using,0.0
meretakis00scalable,0.000474158368895211
merro01bisimulation,0
merz99genetic,0.3333333333333333
meyer99automatic,1.0
meyer99constraint,0.0
michaelides98uniform,0.5
michail99assessing,0.000474158368895211
michaud98learning,0.010431484115694643
293552,0.0
michaud99representation,0.00474158368895211
rosenstein99continuous,0.001422475106685633
mihalcea98word,1.0
208788,0.0
mihalcea99word,0.0
miller99genetic,0.5
milo00typechecking,0.003319108582266477
minar99cooperating,0.003319108582266477
493671,0.0
526346,0.0
papaioannou01manufacturing,0.0
satoh01flying,0.000474158368895211
mirmehdi01extracting,0.0625
mizoguchi00using,1.0
aroyo02layered,0.0
mladenic98turning,0.000948316737790422
240825,0.0
crabtree98wearable,0.0
mohan99repeating,1.0
mohan01efficient,0.0
moizumi98mobile,0.007586533902323376
molz00design,1.0
460667,0.0
moon00scalable,0.001896633475580844
453210,0.0
zhang01efficient,0.0
more00tertiary,1.0
314563,0.0
moreno95alisis,0.000948316737790422
moreno96limited,0.000474158368895211
49194,0.0
moreno97dynamic,0.000948316737790422
lomuscio96qlb,0.0
moreno97how,0.000474158368895211
moukas96amalthaea,0.007586533902323376
271013,0.0
campos01searching,0.0
pohl99machine,0.000474158368895211
muhlenbein99convergence,0.000948316737790422
munetomo99identifying,0.000474158368895211
muller00eventdriven,0.002370791844476055
goldberg99genetic,0.0
munro99footprints,0.5
537064,0.0
munroe00bbq,0.000474158368895211
munzner95visualizing,0.001422475106685633
murphy01lime,0.001422475106685633
cugola01peerware,0.0
sampaio98deductive,0.25
murthy99context,1.0
muscettola98reformulating,1.0
muslea00selective,0.000948316737790422
myers96easily,0.6666666666666666
diehl00vrml,0.0
myers97amulet,0.003793266951161688
458848,0.0
edwards97systematic,0.0
myers98brief,1.0
palen99social,0.0
nagi99implementation,0.000474158368895211
nahm00using,0.001422475106685633
461789,0.0
narayanan99reasoning,0.000474158368895211
nascimento99evaluation,0.6666666666666666
tzouramanis00overlapping,0.3333333333333333
naumann00completeness,0.000474158368895211
navarro00adding,1.0
scholer02compression,0.0
neaves98dynamic,0.002370791844476055
243029,0.0
nehaniv99meaning,0.000474158368895211
neti00perceptual,0.000474158368895211
neumann99constructing,0.000474158368895211
neumann99experience,0.003319108582266477
kruegel02distributed,0.0
pouzol01from,0.0
ng98reconfiguring,0.000474158368895211
186241,0.0
nguyen98strict,0.6666666666666666
496719,0.0
nichols01using,1.0
myers01interacting,0.0
nie01mining,0.000474158368895211
nijholt00multimodal,1.0
evers00jacob,0.0
nissen99repository,0.002212739054844318
noda99discovering,0.002370791844476055
457268,0.0
303963,0.0
norman95goal,0.000948316737790422
norman97motivationbased,1.0
norman96alarms,0.0
norrie00extended,0.002370791844476055
98937,0.0
erni98generic,0.0
steiner98omsjava,0.0
nottelmann01learning,0.000474158368895211
nrvag98analytical,1.0
20419,0.0
27008,0.0
95715,0.0
nrvag98optimizing,0.5
nrvg99persistent,0.0
nrvag99vagabond,0.0
nwana99perspective,0.003793266951161688
oakley00putting,0.000948316737790422
428316,0.0
oard01evaluating,1.0
oard01clef,0.0
obst01specifying,0.2727272727272727
ockerman98preliminary,0.000474158368895211
503243,0.0
oh00efficient,0.5
oliver98graphical,0.002370791844476055
oliver98statistical,0.009460588407956829
singletary01learning,0.0
singletary01symbiotic,0.000474158368895211
olson98probabilistic,1.0
olson00probabilistic,0.0
olson99subpixel,0.0
onoda98asymptotic,0.000948316737790422
12247,0.0
opper99mean,1.0
caputo01from,0.0
ordonez00discovering,0.5
ordonez01mining,0.0
ordonez99discovering,1.0
oria99defining,1.0
oria99visualmoql,0.0
orovas00cellular,0.1111111111111111
orovas98cellular,0.2222222222222222
orr00smart,0.002844950213371266
hightower01survey,0.0
rey01location,0.000948316737790422
overeinder02multiagent,0.000474158368895211
oviatt99ten,0.003319108582266477
ozden98cyclic,1.0
34099,0.0
padgett98simple,0.000474158368895211
pandurangan02using,0.0
pal01rough,0.000948316737790422
panayiotopoulos98intelligent,1.0
505987,0.0
panzarasa01organisation,0.000948316737790422
532537,0.0
panzarasa99modeling,0.001422475106685633
papadias01efficient,0.000948316737790422
papazoglou99contextualizing,0.000474158368895211
paradis98virtual,0.000948316737790422
paradis98language,0.0
paradiso00design,0.3333333333333333
paradiso00footnotes,0.0
paradiso99cybershoe,1.0
paradiso99interactive,0.6666666666666666
parekh00constructive,0.005215742057847321
yang98feature,0.005215742057847321
paris00common,0.3333333333333333
williamson00foundations,0.0
park01segmentbased,0
park98alternative,0.1
park99costbased,0
parker98adaptive,0.3333333333333333
norman00argument,0.0
parsons99approach,0.001896633475580844
schroeder01fuzzy,0.0
pascoe98adding,0.013134186818397346
dey99conference,0.0
rhodes99wearable,0.009791370317686107
paton99active,1.0
dinn99active,0.0
paulson00inductive,1.0
steel02finding,0.0
pavlovic97visual,0.011379800853485065
464421,0.0
515869,0.0
jennings99robust,0.0
pavlovic96gestural,0.0
sharma96speechgesture,0.0
triesch98gesture,0.0
tsap01feedback,0.0
vardy99wristcam,0.0
wu00adaptive,0.002844950213371266
yang98extraction,0.000948316737790422
zhu00segmenting,0.000474158368895211
pazzani00representation,0.000474158368895211
pedersen99supporting,0
pelikan99bivariate,0.002844950213371266
pelikan99boa,0.001422475106685633
266823,0.0
miagkikh99generalized,0.0
pentland99digital,0.000948316737790422
pfoser00novel,0.001896633475580844
phan01new,1.0
phan01scalable,0.6666666666666666
phan02extensible,0.0
skow02security,0.0
piater00distinctive,0.0
picard98humancomputer,0.000474158368895211
taylor99virtual,0.0
picco99lime,0.01422475106685633
437003,0.0
531861,0.0
busi01some,0.0
piekarski99architecture,0.000474158368895211
pinheirodasilva00generating,0.5
pinheirodasilva00umli,0.0
pinheirodasilva00user,0.5
pirjanian00multirobot,0.001896633475580844
pirjanian99behavior,0.0
pitoura01locating,0.000474158368895211
pitoura99exploiting,0.3
pitoura99scalable,0.6
shanmugasundaram99efficient,0.5
plaisant99design,0.3333333333333333
472493,0.0
ardissono01tailoring,0.0
polani99fast,1.0
abraham00hybrid,0.0
ponnekanti01icrafter,0.000948316737790422
hightower01realtime,0.0
pouwelse99feasible,1.0
bakker01lart,0.0
sen98individual,0.000474158368895211
prasad96distributed,0.000474158368895211
prokopenko99situated,0.000474158368895211
przymusinski98autoepistemic,0.007112375533428165
puliafito00map,1.0
demeer00programmable,0.0
puliafito00using,0.0
puzicha99theory,0.005966492808598072
quek95eyes,0.011853959222380275
queloz99foreign,1.0
215383,0.0
ram90incremental,0.007112375533428165
rao94meansend,0.02874867348551559
rao95formal,0.024552371920792973
rao97unified,0.001896633475580844
rao95bdi,0.049312470365101946
243827,0.0
257383,0.0
270678,0.0
318212,0.0
478335,0.0
485557,0.0
487698,0.0
aiken98abc,0.0
cavedon95logical,0.0
cavedon95revisiting,0.0
debenham99multiagent,0.0
ehlert01intelligent,0.0
ehlert01reactive,0.0
elio00task,0.0
morley96semantics,0.0
norling01learning,0.0
pollack99adjustable,0.0
wendler98cbr,0.000474158368895211
wooldridge96logic,0.0
wooldridge96practical,0.0
yin00knowledgebased,0.001896633475580844
wooldridge98tableaubased,0.008779832464042991
rao96agentspeakl,0.005689900426742532
rauber01automatically,0.000474158368895211
mandl01topographic,0.0
rauterberg97gesture,0.6
360831,0.0
fjeld99exploring,0.0
rauterberg98build,0.4
269982,0.0
germans01virpi,0.0
resnik98parallel,0.000948316737790422
resnik99mining,0.000474158368895211
454762,0.0
ricci97extending,0.001896633475580844
119642,0.0
rickel98animated,0.013276434329065908
rickel98taskoriented,0.004077761972498814
riedel98active,0.6363636363636364
540061,0.0
riely99trust,0
rintanen98planning,0.000948316737790422
rizzo97personalitydriven,0.000948316737790422
bazzan99moral,0.0
roddick99towards,0.001422475106685633
460612,0.0
roman00legorb,0.6666666666666666
rosenthal00view,1.0
rosenthal01administering,0.0
ross98complex,0.003319108582266477
roth00snowbased,0.000948316737790422
roth00using,0.3333333333333333
roth98learning,0.006638217164532954
roubos00compact,0.8
abonyi00structure,0.0
abonyi01modified,0.0
abonyi02datadriven,0.0
roubos00learning,0.4
rousseau96personality,0.004267425320056899
45929,0.0
rousseau97improvisational,0.0
rousseau97socialpsychological,0.001422475106685633
rousskov98cache,0.000948316737790422
rowley98rotation,0.005215742057847321
235157,0.0
frey99estimating,0.0
yang99mixtures,0.001422475106685633
roy00integration,1.0
326373,0.0
roy00computational,0.0
532267,0.0
rui00optimizing,0.000474158368895211
rundensteiner98capacityaugmenting,1.0
claypool99optimizatizing,0.0
sahin98visual,1.0
gaudiano99neurobotic,0.0
59359,0.0
jantke95communications,0.0
salles98development,1.0
lopesdeoliveira99framework,0.0
sampaio00design,0.0
295735,0.0
sandholm01algorithm,0.20833333333333334
sandholm01winner,0.25
yokoo02secure,0.0
sandholm01cabob,0.3333333333333333
sandholm99algorithms,0.5555555555555556
santini99similarity,0.001896633475580844
santos97introductory,0
santos99dynamic,0.000948316737790422
sarawagi98discoverydriven,0.000948316737790422
518526,0.0
sato01parameter,1.0
513722,0.0
475504,0.0
satoh01network,0.000948316737790422
sawhney99nomadic,0.002370791844476055
scassellati98building,1.0
327415,0.0
schadler97connectionist,0.001422475106685633
schaedler97connectionist,0.000948316737790422
schadler98application,0.000474158368895211
schapire98boosting,0.009009009009009009
yang00improving,0.003319108582266477
scheuermann98data,0.000948316737790422
schiele99attentional,0.000474158368895211
schmalstieg99using,0.002370791844476055
schmidt00implicit,0.004267425320056899
schmidt99advanced,0.004267425320056899
vanlaerhoven00teaching,0.001896633475580844
vanlaerhoven00what,0.001422475106685633
schmill99learned,0.001422475106685633
schmitt98relating,0.42857142857142855
539227,0.0
schneider99distributed,0.000474158368895211
schuldt99concurrency,0.000948316737790422
schuldt99transactional,0.000474158368895211
schut00intention,0.75
354467,0.0
499517,0.0
schut01principles,0.25
schwab00learning,0.000948316737790422
schweighofer01automatic,1.0
schweighofer01improving,0.0
schweiss99architecture,0.5
sengupta99constructing,0.3333333333333333
seo00reinforcement,1.0
454621,0.0
zhang01personalized,0.0
setiono99mapping,0.4
shah99amdb,0.125
adya00generalized,0.0
shapiro98embodied,1.0
shapiro99snep,0.0
shavlik98building,0.005215742057847321
tan01predictive,0.000474158368895211
shavlik99instructable,0.000474158368895211
shaw98clause,0.5
shehory99emergent,0.000948316737790422
lerman00coalition,0.0
sheng99graph,1.0
303620,0.0
shintani98parallel,1.0
376260,0.0
shneiderman00direct,0.000474158368895211
shneiderman99creating,0.6666666666666666
shneiderman99supporting,0.3333333333333333
shu98using,0
siddiqi98shock,0.000948316737790422
sim99learning,0.001422475106685633
simula99selforganizing,1.0
tomsich01optimizing,0.0
449447,0.0
sistla98querying,0.003793266951161688
skarmeas99component,0.000948316737790422
sloman02how,1.0
sloman01varieties,0.0
sloman98architectures,0.003793266951161688
sloman98damasio,0.0
sma98theory,0.2857142857142857
smeaton97relevance,0.005689900426742532
smith00conversation,0.000948316737790422
smith01management,1.0
480065,0.0
smola98from,1.0
23780,0.0
smola98general,0.6666666666666666
42037,0.0
smyth99surfing,1.0
215779,0.0
rafter00automated,0.0
squire99improving,1.0
308750,0.0
sreerupa98dynamic,0.3333333333333333
chen98learningbased,0.0
stader98intelligent,0.000474158368895211
stanoi98weak,0.000948316737790422
298012,0.0
stanoi99decentralized,0.0
mayol02designing,0.0
starner98realtime,0.023873873873873873
schiele99situation,0.0
starner98visual,0.018018018018018018
stepaniuk98optimizations,0
sterritt00exploring,1.0
sterritt01soft,0.0
stewart99single,0.003793266951161688
stolzenburg00spatial,0.45454545454545453
531526,0.0
stone01architecture,0.09090909090909091
stone98layered,0.020862968231389285
stonebraker01content,0.002370791844476055
streitz01roomware,0.000474158368895211
streitz98roomware,0.001896633475580844
streitz99iland,0.000474158368895211
388718,0.0
subramanian98costbased,0.002370791844476055
sudo01automatic,0.000474158368895211
450405,0.0
sullivan98tribeca,0.000474158368895211
sullivan99model,1.0
396385,0.0
sun98some,0.4444444444444444
155240,0.0
sun01individual,0.0
sun99optional,1.0
301891,0.0
surmann01learning,1.0
480233,0.0
suryadi99learning,0.001422475106685633
sutton93online,0.6666666666666666
szabo95virtual,1.0
tabuada01feasible,0
539969,0.0
takahashi98mobile,0.6666666666666666
talim01controlling,0.000474158368895211
524726,0.0
tarau99jinni,0.001422475106685633
tenhagen01continuous,0.000474158368895211
terrillon98automatic,0.000948316737790422
theilmann99disseminating,0.000474158368895211
thevenin99adaptation,1.0
luyten01xmlbased,0.0
thomas98wearable,0.004267425320056899
534400,0.0
thomason00desires,0.000474158368895211
508732,0.0
532373,0.0
tice00key,1.0
tice00practical,0.5
381995,0.0
tieu00boosting,0.000474158368895211
timm00multiagent,0.6666666666666666
timm01synthesis,0.3333333333333333
timm01enterprise,0.0
tino98finite,1.0
toenshoff01flexible,0.6666666666666666
tong00restricted,0.001422475106685633
torp99effective,0.001422475106685633
tourapis01advanced,1.0
tourapis01temporal,0.0
traum96reactivedeliberative,0.16666666666666666
tresp98description,0.000474158368895211
tripathi99mobile,0.004267425320056899
turk00perceptual,0.000948316737790422
tan01infocockpit,0.0
turner00improving,0.001896633475580844
turney00learning,0.000474158368895211
turney99learning,0.002844950213371266
537920,0.0
tzouramanis00multiversion,0.3333333333333333
tzouramanis01time,0.0
tzouramanis99overlapping,1.0
tzouramanis99processing,0.0
uhrmacher00plug,0.000948316737790422
urhan01dynamic,1.0
gimbel01data,0.0
urhan98costbased,0.004267425320056899
vagina03cryptographic,0.8333333333333334
482071,0.0
496883,0.0
tan01trust,0.0
valencia98algebraic,1.0
valencia98hitch,0.0
vandertorre00contrarytoduty,0.002844950213371266
vandertorre98diagnosis,0.003793266951161688
vandertorre99violation,0.003319108582266477
vaneijk01generalised,0.001422475106685633
vanhoof98specialising,0.5
vanlaerhoven01combining,0.000948316737790422
vanschooten00process,0.000948316737790422
540018,0.0
vasconcelos99probabilistic,1.0
vasconcelos00bayesian,0.0
vilalta00quantification,1.0
vilalta01rule,0.0
66053,0.0
bryce99coordination,0.0
502642,0.0
vogt99fusion,0.000474158368895211
voncollani99neurofuzzy,1.0
309072,0.0
waern98concall,0.001422475106685633
wah00constrained,0.5
wan01realtime,1.0
461165,0.0
wang00using,1.0
ramampiaro00supporting,0.0
wang01agentoriented,0.0
wang01supporting,0.5
wang98quasistable,1.0
wang99critical,0.5
wang99negation,0.0
wang98structure,1.0
swindells00system,0.0
ware00rotating,0.0
wang99discovering,0.000948316737790422
wang99hierarchical,0.001422475106685633
ware00reaching,0.002370791844476055
ware96evaluating,1.0
meng98data,0.0
warshaw98monitoring,0.000948316737790422
warshaw01facilitating,0.0
warshaw99rulebased,0.000474158368895211
watson99embodied,0.5
weber01textual,0.000474158368895211
weinstein99agentbased,0.000474158368895211
weiss98answer,0.001422475106685633
weiss01predicting,0.0
weiss98learning,0.000948316737790422
weiss98intelligent,0.000474158368895211
weng98visionguided,0.6666666666666666
208646,0.0
wersing00competitive,1.0
458592,0.0
162738,0.0
wilke96framework,0.0
wetzel98semantic,0.000948316737790422
205160,0.0
409610,0.0
wittner00network,0.0
whittaker00jotmail,1.0
508492,0.0
wicke99compiling,1.0
gendelman00fast,0.0
wiederhold95valueadded,0.00474158368895211
wiederhold96conceptual,0.003319108582266477
defago00totally,0.0
wijsen99temporal,0.42857142857142855
wilensky00digital,1.0
346876,0.0
wilhelm99introducing,0.16666666666666666
williamson00approximating,0.6666666666666666
williamson00random,0.0
wills00open,1.0
wills01open,0.0
wisneski98ambient,0.001422475106685633
witten00building,1.0
yeates01memory,0.0
witten99greenstone,0.001422475106685633
wolpert99general,0.002844950213371266
442161,0.0
dejong01multilayer,0.0
wolski98fuzzy,1.0
wolski00design,0.0
wonsever01contextual,1.0
vazov01system,0.0
529980,0.0
self01design,0.0
xu02modeling,0.0
wooldridge00computationally,0.000948316737790422
wooldridge98intention,1.0
jennings00implementing,0.0
332262,0.0
athitsos01hand,0.0
wu99firstorder,0
xia99comprehensive,1.0
li01characterizing,0.0
xu01framework,0.000474158368895211
xu98neural,1.0
30494,0.0
yagiura99variable,1.0
206485,0.0
yang00temporal,0.000948316737790422
yao98making,1.0
70288,0.0
younes00calibrating,1.0
cremers00diffusionsnakes,0.0
kervrann00level,0.0
yu01progressive,1.0
yu01indexing,0.0
yvon94selflearning,1.0
federici95advances,0.0
zaiane98discovering,0.001422475106685633
zamir98web,0.014580369843527738
zamir99grouper,0.007586533902323376
344548,0.0
zhang01pvm,0.001896633475580844
zhang99evolving,1.0
zhang01evolutionary,0.0
zhang99sdcc,0.001896633475580844
zhang99situated,1.0
zhang99towards,0.0
zhao99discriminant,0.0
zhu00incorporating,0.000474158368895211
vonhardenberg01barehand,0.0
