35,0.015706590135751264
1033,2.907337674454904
103482,0.48912568349105856
103515,0.26503672748233564
1050679,-1
1103960,-1
1103985,-1
1109199,-1
1112911,-1
1113438,-1
1113831,-1
1114331,-1
1117476,-1
1119505,-1
1119708,-1
1120431,-1
1123756,-1
1125386,-1
1127430,-1
1127913,-1
1128204,-1
1128227,-1
1128314,-1
1128453,-1
1128945,-1
1128959,-1
1128985,-1
1129018,-1
1129027,-1
1129573,-1
1129683,-1
1129778,-1
1130847,-1
1130856,-1
1131116,-1
1131360,-1
1131557,-1
1131752,-1
1133196,-1
1133338,-1
1136814,-1
1137466,-1
1152421,-1
1152508,-1
1153065,-1
1153280,-1
1153577,-1
1153853,-1
1153943,-1
1154176,-1
1154459,-1
116552,1.8077703958540978
12576,0.2969564004902092
128540,9.3188658182483
132806,1.058478268317778
135130,2.5062541205102056
141342,0.042587645044599026
141347,4.055986217564001
148170,1.527993108782001
15670,3.055986217564002
1688,0.2026753840911485
175291,4.983211520569522
178727,3.055986217564002
18582,-1
190697,-1
190706,1.8180143333932333
1956,0.6932810840525402
197054,8.372043939555402
198443,6.871422711245132
198653,0.0629363814993065
206371,8.187353521834957
210871,0.03603962265909711
229635,-1
231249,1.527993108782001
248425,1.1068711437383165
249421,3.2945926024264702
254923,1.6604091983189704
259701,3.055986217564002
259702,2.5279931087820007
263279,12.767927779275121
263498,2.239621403444917
265203,1.5616768400502947
273152,0.058761690535306416
27510,1.0139965543910003
28290,0.5978214743920873
286500,-1
287787,0.2598385781926907
28851,0.3080885494038126
289779,1.9434221814135708
289780,2.5011944700533357
289781,1.3758958525400018
307015,0.8242922447671696
335733,2.8644950009006735
33904,3.0438159159289153
33907,1.1181758422335208
35061,0.043612608719958444
38205,0.33421821355181647
387795,9.3188658182483
415693,1.8298831488177076
41714,0.21384106138201617
427606,0.3819879936341813
44368,5.671680253555655
45599,-1
46079,1.0791280805055286
46431,-1
486840,2.0279931087820007
48766,2.9475971925960054
503883,0.4548394878017342
503893,1.058478268317778
513189,0.9602913156319625
54129,0.18070290132172348
54131,0.5181889804748763
56119,1.6965157717342072
561238,-1
568857,3.739621403444917
573964,0.9548316669668911
573978,-1
574009,3.055986217564002
574264,0.7224382301068741
574462,-1
575077,0.21668320802211813
575292,2.6837428705358284
575331,-1
576725,3.2993220426063745
576795,5.776132308350176
577227,3.055986217564002
578780,-1
579008,0.7841659561751101
592973,1.527993108782001
593091,8.60803546495453
593105,-1
593240,3.851662933924742
593260,-1
593813,-1
594047,2.235968897933089
594543,-1
594649,-1
594900,-1
608326,1.8200173196309128
634902,4.471937795866178
634904,4.471937795866178
634938,4.471937795866178
634975,-1
640617,2.2140833170909806
646809,1.4801209795139043
646837,-1
647408,-1
647447,4.57073384079029
66556,0.4600478477134876
66563,3.9597674942310914
66805,1.9336812440747284
69284,4.551391804518588
69296,8.77140194353278
694759,-1
735303,5.903068325538961
78511,1.354463584149881
787016,5.055986217564001
801170,-1
81722,-1
82098,8.126497518794576
84021,0.780312380321223
85352,0.13366820637740215
86359,1.2843619666084012
8865,0.208099865209851
887,0.042269339840220715
97645,0.7490606792924815
98698,1.2151612508328413
40,0.5933192601236865
1109017,-1
1114442,-1
114,0.0
1103315,-1
1105394,-1
1106112,-1
1106172,-1
1106406,-1
1107455,-1
1111052,-1
1114125,-1
1117942,-1
1118245,-1
1118332,-1
1120170,-1
1126029,-1
124064,0.6742375068385034
128,1.002826077259169
130,3.1393056116125035
136665,0.4448686049285933
191404,-1
193742,2.344614449484561
23258,2.801341865006505
28227,0.8431628323779097
28287,0.7686380345072702
28350,0.20075524796047706
28387,8.202995425777427
28471,5.022821600203438
28485,1.9408778593040603
341188,4.36115541087107
38480,7.496378136346665
39403,4.6449216206984705
434,2.734932072855933
55968,10.413653010049481
58540,6.112072172338319
6155,7.080426558044489
6170,-1
6196,0.6727950380512927
6220,0.7513028197860756
64484,1.0
7432,-1
755217,-1
8213,-1
91975,8.94397532894267
976334,-1
117,0.0
1109581,-1
149669,4.6414881265188415
17476,1.0285560133289697
189708,0.618929065605071
206259,-1
28202,2.980895872463353
28278,10.072767987007364
32872,6.059592745665418
33013,-1
6214,0.07077010725029946
75674,1.0
20526,3.8721164356265962
13960,-1
345340,-1
288,0.6020990869732255
1118092,-1
36167,1.7014436414369687
424,1.0826182449688426
1135125,-1
218666,-1
47684,-1
267003,1.105311246871873
463,0.0
58454,0.2129720451705041
504,0.0
1102364,-1
1112650,-1
506,0.30016114762130797
89416,0.1927815420702025
1106546,-1
10796,0.35072407014998946
1105033,-1
1111304,-1
1113614,-1
114308,1.7008237601241434
134128,3.690270536307047
161221,6.287374289547309
170798,2.3206925925364263
19045,1.3717791868091966
20972,7.890204761734583
28456,-1
299195,-1
299197,-1
334153,5.455471132942957
35490,0.4440252767012005
595056,-1
6151,0.06385641026660643
6213,0.03466490236684691
6215,0.9449773224165485
64519,0.20448485004803246
87363,8.390538632789218
906,0.0
1103979,-1
1105344,-1
1114352,-1
1136397,-1
1140040,-1
34355,4.576389850660698
910,0.12761235269999113
1104379,-1
1105530,-1
1108834,-1
1110520,-1
1114118,-1
1116569,-1
1118848,-1
1120858,-1
1122460,-1
1126044,-1
1129111,-1
1135137,-1
1152194,-1
12439,2.070139709237242
12946,-1
131042,4.232024259013226
13136,1.996170714481437
160705,-1
227286,10.889983271475197
242637,7.240196163869402
31043,-1
340075,-1
340078,3.43897796518208
35905,0.7723678135881086
42847,11.425941826703216
436796,-1
48550,2.4591645180142754
5462,0.13600194042724245
576257,3.3280738710857887
58552,2.496170714481437
5869,0.18983353936605968
636511,-1
67292,3.992341428962874
675649,6.98317977706331
684372,-1
94953,-1
936,0.0
1107010,-1
1111899,-1
129558,-1
207395,-1
3084,1.679839851546927
3828,0.5225818304716809
38845,2.0
940,0.098427293005345
20180,0.24785362989068263
28265,0.3114108475964995
941,0.0
943,0.3180429993587317
1152896,-1
91852,1.760741366999001
1026,0.0
1034,6.670365367811781
1102550,-1
1105231,-1
1129798,-1
1153945,-1
1107062,-1
1035,1.3468663374402767
1110515,-1
1213,0.3333333333333333
1154525,-1
409725,-1
8766,1.4159515783021759
1237,0.0
102938,3.0
1102400,-1
143676,3.0
1246,0.0
1104007,-1
42207,2.8243541817556115
57764,6.4696629230991105
6125,0.9138624291906804
1272,0.09787962567121083
1102625,-1
1108167,-1
1120962,-1
112378,1.7624501567555892
1123867,-1
1128256,-1
1129208,-1
1135358,-1
157805,5.234988586755886
18615,3.3152450002849125
192734,-1
20593,-1
27230,7.395946878310773
284414,4.574833373886707
30895,2.022807712515434
30901,-1
444240,-1
520471,4.574833373886707
52835,5.574833373886707
552469,-1
560936,2.6748207671654485
591016,3.197973439155387
636098,-1
65653,5.611481862107439
6917,3.8628377674976595
6923,0.9650487729007099
85452,3.411344054396617
85688,0.08769407709612154
93923,5.15199783414915
97892,-1
1365,0.0
1031453,-1
1102407,-1
1105062,-1
1106287,-1
1108050,-1
1110494,-1
1110998,-1
1113995,-1
1114153,-1
1114388,-1
1114605,-1
1116347,-1
1116594,-1
1117653,-1
1119140,-1
1120211,-1
1120866,-1
1128839,-1
1129443,-1
1130600,-1
1131647,-1
1131745,-1
1131748,-1
1132922,-1
1132968,-1
1135368,-1
1136422,-1
1136442,-1
1152143,-1
1152821,-1
1154169,-1
120084,4.0
139865,1.0
157401,6.4399800195064705
171225,-1
184918,2.2512460090750452
188318,9.44300814727124
188471,4.347726966408458
22835,0.5
23448,-1
23502,1.4590151765275696
23507,0.7761901026893335
237521,0.06475409573816925
26850,1.0
330148,1.3011327084648014
340299,0.3926458121543645
39904,-1
49482,1.3519056231196782
562123,2.9880349998756883
628500,3.0780854300564937
648232,0.7062388398896163
649731,1.1454862872178573
69392,6.001995675547445
7276,7.08041452872265
7297,1.6640133086076845
77758,0.023281891965193206
782486,-1
83826,8.174736132339959
85299,0.1968597758706505
853150,-1
90888,1.2198086170184423
93555,0.16005493764332226
948299,-1
948846,-1
949318,-1
949511,-1
950052,-1
950305,-1
1481,0.0
1102567,-1
1106052,-1
1108267,-1
1111614,-1
1113934,-1
1114864,-1
1117184,-1
1119295,-1
1120563,-1
1153891,-1
200480,-1
399173,-1
4878,1.0
521207,5.993931485576242
521269,5.416266684822316
1134022,-1
152483,1.6851599770083268
1694,4.487216484447101
39474,5.287474026757624
647413,-1
1717,1.2920496493556781
1115291,-1
1116336,-1
1135108,-1
50381,5.336461656406362
733167,4.8727128907196295
1786,1.002409328351648
35797,0.8677009037341017
1817,4.511557087717273
1114502,-1
1919,1.3033741814838937
1108389,-1
1949,1.3205887532184792
129042,1.29782797591227
3101,1.4275520332426384
1951,0.0
3095,0.4801555517993736
1952,0.3365563249297141
1107215,-1
1953,0.0
1153166,-1
1153724,-1
1153728,-1
1955,0.0
110163,4.867485741071657
1110390,-1
101143,3.2557785438586366
1118302,-1
1153101,-1
1153150,-1
263486,5.511557087717273
83449,2.6320044908469655
1959,0.0
3097,0.3431095065763532
310530,6.063291228587659
38839,4.423825518649127
73327,1.202265276571106
82664,0.1831002687957714
1997,0.31647464702996014
1102442,-1
1108551,-1
1109439,-1
1109542,-1
129897,-1
154982,1.1626581993932474
3233,0.45615056553261724
49811,0.6034752709295486
7032,0.6284349599849834
1999,0.0
1123068,-1
1131471,-1
39126,5.70910348589089
6771,4.349195326567038
2354,0.15638226981162998
10186,5.415951578302176
1107140,-1
1113852,-1
1130539,-1
154134,-1
40151,0.15014066808311838
74749,0.25692660612145796
2440,0.05325976845981941
1000012,-1
1061127,-1
1106388,-1
1107095,-1
1110426,-1
1114512,-1
1117786,-1
1120650,-1
1127619,-1
1153254,-1
136766,6.569084264563797
136768,3.2268647703634366
151430,5.859399360206393
212777,-1
23546,1.520625930473821
49843,2.557028901414106
49844,9.566590068154145
49847,6.050058631543094
582343,12.776579549562245
591017,9.537581015383218
63931,0.4695453932816916
72908,0.3223742231743403
2653,0.0
102406,-1
107177,1.0
1104055,-1
1116268,-1
1116842,-1
1118764,-1
1119751,-1
1152075,-1
167656,-1
197783,-1
28641,-1
321861,4.246539849162653
350362,-1
4660,2.4516637823887484
59045,2.0
65650,2.8860778586364852
2654,0.0
1104851,-1
1106630,-1
1107861,-1
1110438,-1
1121867,-1
1123926,-1
211906,-1
27250,-1
463825,-1
52784,6.703425605059799
2658,0.31603554172419557
1115375,-1
1130676,-1
1130808,-1
1131607,-1
1132948,-1
1135899,-1
1140230,-1
230884,1.4440330770875438
236759,-1
282700,3.6326027168365913
395540,5.192083886652351
578347,9.014825391357139
696342,-1
696345,0.6778964632402312
696346,-1
751408,6.776132308350175
99023,2.2051134919927287
2663,1.0
1119671,-1
2665,0.13149498384405242
1105574,-1
1113035,-1
1122704,-1
1132486,-1
205192,0.5467402899721581
237489,0.21076435868715715
43639,1.4757670813847403
578306,4.648751589390158
578309,8.798616270744441
578337,0.641541697295444
582139,1.9757670813847406
630817,2.9515341627694807
631052,-1
763009,2.3437640180934536
2695,0.7622162201620556
1108169,-1
1120197,-1
2698,0.4855881657426627
342802,1.404947187436429
2696,0.03226859256687147
1114192,-1
1118083,-1
1123239,-1
1133004,-1
256106,3.6156940359916536
469504,-1
5348,0.040435402780047106
99025,-1
2702,0.0
1120777,-1
12330,0.0826166443069818
395553,3.500997837773722
72056,1.0
1107171,-1
255233,5.016781769443362
33303,-1
3085,0.2362007519565566
15889,0.30474417200879034
221302,4.447597192596006
30973,-1
395725,2.623927367453264
5062,0.44616451392344536
110162,4.291140119365083
218682,4.511544009915506
1106236,-1
129045,2.307013646411296
110164,-1
70441,-1
3112,0.2660540500611715
103529,3.8541236408473876
1152564,-1
470511,-1
77826,0.5489898504366658
77829,0.31903404957173903
3187,0.1572275330448501
1110000,-1
129896,-1
280876,3.808004571255897
5086,0.1698468208746347
3191,0.20029039528650697
105865,1.6818595476334675
1106789,-1
1127530,-1
1131267,-1
137873,-1
162664,0.652068396583493
308920,-1
310742,-1
3192,0.20383001473126616
423463,-1
561364,4.8635487708981815
642827,-1
3217,0.0
167670,10.061231725130417
238099,4.739091639455311
86840,-1
3218,0.0
1106492,-1
1119987,-1
1120169,-1
1152290,-1
1153264,-1
187354,1.8949406322217737
277263,-1
35070,-1
417017,-1
6639,0.8668138547067498
66782,0.5
6767,0.20843026182370497
6941,6.68482189666532
3220,0.17229545670997115
1115677,-1
1125992,-1
1128430,-1
1130634,-1
1131728,-1
1132706,-1
120039,-1
145215,2.497695079459615
346243,3.1789989194336155
36620,1.6966265251740043
39124,-1
40922,-1
429805,-1
654177,8.947957027099827
69397,-1
8832,2.6694053807885885
3222,0.0
1103737,-1
1114222,-1
1131137,-1
1132157,-1
964248,-1
3223,0.0
3229,0.09181156736199143
100197,1.4196548809253102
1105718,-1
1106568,-1
1108209,-1
1109392,-1
1112767,-1
1125082,-1
1125895,-1
1126037,-1
1128868,-1
1130915,-1
1130927,-1
1130931,-1
1132418,-1
1140289,-1
1152277,-1
1152673,-1
1154251,-1
118559,2.7199900097532357
133550,1.8852667761488944
16461,6.4399800195064705
189577,-1
25181,0.7793723545145038
25184,5.264037059712539
27174,1.268852756274902
27631,1.6473228340481547
31769,4.207899341993827
33412,1.1664249443849137
35343,8.687834754412998
35863,2.321296278085482
35922,0.6054736555701559
390922,-1
396412,-1
444191,1.0835685225934628
447250,-1
52515,0.5953651962185657
62347,7.174736132339959
641976,1.2896164730662143
654326,3.2199900097532352
7022,-1
72101,6.855931597808647
82087,-1
919885,-1
92065,6.33552796471195
96335,-1
3231,0.21538233569048343
104840,-1
1102761,-1
1106330,-1
1106370,-1
1107067,-1
1113926,-1
1115471,-1
1128536,-1
1153169,-1
180399,5.329992358641839
20850,-1
259126,-1
3237,8.817945709963887
328370,-1
49660,2.6692888848859453
6334,0.34450321011316914
63477,-1
63486,3.256487190651267
66594,6.87702477953388
68463,-1
8699,4.896015322332351
8821,5.161072504363121
3232,0.0
20942,-1
521251,5.165771875615796
1125467,-1
192850,12.869048821566912
272720,12.431075543090284
509379,10.906286296578031
976284,-1
3235,0.0
3236,0.0
601561,-1
3240,0.11465914200014057
1110531,-1
39130,0.20457719363412546
3243,0.0
1103610,-1
1110947,-1
1113739,-1
307336,1.4159515783021759
31932,2.5196496131429154
368431,7.84560242407231
854434,-1
3932,0.6160353338197434
5075,0.36062804482586985
4274,0.0
1105428,-1
1114664,-1
1119078,-1
4329,0.3892986248311318
105899,9.985249763335615
1110768,-1
28254,2.8312559299455264
395547,-1
46468,1.4795794604574617
510718,-1
4330,0.11098827422841058
1103676,-1
1104449,-1
11093,1.2326853709655197
1112929,-1
1132459,-1
1132461,-1
1136393,-1
1152917,-1
118436,-1
119956,-1
120013,-1
151708,4.001995675547444
168410,-1
32688,0.8536412674014964
37884,8.854031290188441
390889,-1
428610,-1
684986,1.6564883632145764
69418,-1
753265,1.9591284452821927
949217,-1
4335,0.0
1104300,-1
1121254,-1
1136310,-1
1140547,-1
116790,6.236871586097973
239800,2.475716262420284
32698,5.247854734906528
62274,2.533469101072919
62417,0.4139155805029651
755082,1.0
95718,3.118716519668849
4553,0.0
1102548,-1
4584,0.0
1120020,-1
1130567,-1
13885,0.9452237847641439
13917,4.148744427209099
293285,-1
6184,0.10189752013837142
6210,6.496378136346665
628815,4.080426558044489
4637,1.0
164,-1
4649,0.0
1105887,-1
1127851,-1
135765,0.984423654366104
135766,0.26096692925980725
411092,-1
449841,6.6460078380974865
8703,0.2655540206252651
429781,-1
5038,-1
4804,0.15122080895036996
102884,2.3847195375282926
1108175,-1
1112574,-1
1153262,-1
12182,0.1996518698666282
12210,0.14249459360003888
157761,4.899553232408583
25805,1.906125531969437
45189,0.6332560960433169
68505,-1
77515,3.362370175601824
989397,-1
4983,0.0
7867,0.4139155805029651
5055,0.0
28026,1.1940470098437805
5064,0.951788371665156
5069,1.5537881585756228
1121176,-1
1129106,-1
272345,-1
385067,6.296535941446872
109323,1.4527800232499657
1105698,-1
137849,1.6356015568600282
354004,2.9515341627694807
440815,1.2178140221682277
79809,0.8913028147156905
5194,0.0
1152714,-1
133563,1.6121938042567465
133566,9.126382839166034
140569,-1
139547,-1
75695,0.8618992981490012
911198,-1
5454,0.0
1128425,-1
1130680,-1
5600,0.20976943499484624
1022969,-1
1117833,-1
5959,0.5263345084961868
152226,4.512890670407034
545647,4.153132686261621
582511,4.153132686261621
5966,0.0
1107572,-1
12211,3.288376365060079
27612,1.350404442776768
385251,-1
6130,1.1864435408786904
1154123,-1
1154124,-1
671269,0.9318751338226523
675847,5.659375669113261
1106547,-1
1107355,-1
1385,-1
6152,4.912329714648841
6163,0.5657952314341212
1106966,-1
20534,0.6719976402611794
96847,8.890208190717157
6169,0.35055097667291985
1114629,-1
170338,-1
7419,1.0500986914199766
10981,0.6425395133362416
1120731,-1
13686,0.28826090846155544
399339,6.92750866601945
1153056,-1
81350,3.643907866197891
6209,0.0
1108329,-1
118259,0.5
118260,3.415951578302176
181782,-1
212930,-1
8875,1.7404275787014374
95579,-1
1105764,-1
1109957,-1
1111230,-1
1113182,-1
1113459,-1
1117760,-1
1122425,-1
1123553,-1
1128267,-1
1129096,-1
1129243,-1
13193,1.3815467302750857
153598,4.496378136346665
17208,1.389972499163374
195361,3.496378136346665
218410,1.076519247849701
23774,2.205912957328708
241133,4.912329714648841
293271,3.496378136346665
353541,-1
6224,0.9117862411108606
628667,4.912329714648841
628668,-1
672064,1.5593777761122798
1115886,-1
1152740,-1
28447,1.8176655361306497
6378,1.9960246722391128
93320,-1
95589,-1
6216,0.0
230300,3.415951578302176
6238,0.0
10793,-1
1123991,-1
1130356,-1
84459,-1
6311,1.1880620615979043
235776,-1
6318,0.0
1108656,-1
1121057,-1
20833,-1
1152307,-1
1152448,-1
1152975,-1
1153703,-1
6343,0.0
141868,8.91618450140442
359067,-1
521252,3.6460755477545583
6344,0.0
1112665,-1
6346,0.0
1106103,-1
1112075,-1
28473,-1
6385,0.0
1103162,-1
682666,-1
892139,-1
6539,8.223430702527153
1102646,-1
116084,1.1088183156788665
178209,0.5730835004187818
568045,-1
6741,0.0
1130637,-1
1153160,-1
348437,-1
49895,-1
51909,2.2147284047040454
83725,0.3515958471435885
9708,0.1846397600758251
1120444,-1
6925,0.817071391818153
6775,0.4139155805029651
1111240,-1
350319,1.4124776797792327
6782,0.0
6784,0.0
100961,3.8364742052713536
1116629,-1
60170,3.8364742052713536
6786,0.0
714975,-1
6814,0.0
1117348,-1
1125469,-1
158172,2.9210728194871027
293974,8.883681228934826
300071,-1
315266,-1
390896,-1
445938,4.983406425675202
6818,0.39394077083918794
1105531,-1
50336,0.6048840821544078
50337,1.6180390711178758
6898,0.1718586953568002
1123188,-1
124224,0.17059769393870242
12631,0.0744844360180101
431206,11.559619001338993
6910,0.9175588691373314
78994,1.1721688389940697
1117219,-1
1132083,-1
1152150,-1
1154103,-1
169279,2.9380343088086773
263553,0.9207184935369903
662416,6.827956340400303
6913,0.19897876387011632
1105011,-1
1131230,-1
703953,-1
1153811,-1
1155073,-1
20857,2.3424109483326605
308003,-1
1114526,-1
1118658,-1
372862,-1
57922,2.5714792146020127
57948,2.975575077531788
6935,0.5414453639068275
101660,3.7390916394553106
1115670,-1
6939,5.396239026270824
1116922,-1
323128,-1
52847,1.440634541780836
7041,0.0
1120880,-1
7047,0.0
1135082,-1
14549,1.413915580502965
54844,1.0
7272,0.0
1136446,-1
763181,-1
7296,0.0
763010,1.1699104754477705
1107312,-1
7430,1.6556623220118605
1153287,-1
95586,6.404025595019515
7532,0.26096692925980725
1121603,-1
1153097,-1
141171,5.831903156604351
314459,4.0
7537,0.17167513539121795
80515,1.207975789151088
1113534,-1
1131348,-1
409255,1.6156940359916536
1138027,-1
315789,0.7079757891510879
8079,0.5274169724514811
105057,-1
8224,0.041871382096823555
1108728,-1
1111788,-1
1128531,-1
1132815,-1
11342,0.9961290227213653
1153148,-1
1153866,-1
133615,0.9174160821305392
22431,0.4589717383745903
22563,0.07243170659622979
23738,0.06137696621564348
55403,3.752248246391617
601567,-1
62389,2.7522482463916176
97377,0.17136087056947727
8581,0.1228913543703451
1120059,-1
75691,-1
8591,0.19874213660024342
137956,1.7062388398896164
167205,-1
709113,2.0
8594,0.0
1132809,-1
180187,1.0
232605,2.0
58268,0.3333333333333333
8617,0.0
12359,0.5219338585196145
36145,0.34294122283822487
8619,0.0
8687,0.5
1102751,-1
38000,-1
8696,0.0
101145,-1
173884,-1
27535,0.22709098662980992
308232,-1
502574,-1
51866,0.31082828121906925
59244,-1
89335,4.6683665496309485
1129570,-1
395075,-1
608292,-1
785678,-1
8872,0.0
1104647,-1
1125092,-1
1152761,-1
1153860,-1
8874,0.0
1120643,-1
1153816,-1
1152676,-1
8961,0.0
1133390,-1
9513,6.742602878989177
102879,4.34770333628523
9515,0.10162701795711805
9559,0.0
1102794,-1
252725,-1
9581,0.3882148947086261
1130780,-1
633585,0.6304834646299037
9586,1.442046837763701
1120138,-1
33818,0.9872471883222668
1153003,-1
9716,0.0
28674,-1
10169,0.07784340635380803
114189,3.247854734906528
158614,0.10175728458964187
17798,0.08899577217087651
211875,-1
39131,0.272317612104176
711598,-1
10174,0.0
10177,0.015459515435611833
12197,0.5854883929572726
12198,0.6934702859186811
124734,1.8127247394995345
15429,0.014585945014966155
249858,5.831903156604351
27606,0.31954634800765763
67415,0.2039739529933288
68495,-1
10183,0.06264838739336685
10430,0.32420290809117597
1114336,-1
1120713,-1
259772,1.4159515783021759
47570,1.0
54550,0.3135908903899141
10435,0.21596243132339113
1103394,-1
208345,3.048142649158417
22566,0.38631080110698784
41417,1.1601970874417271
10531,0.05413991191672526
1102850,-1
1107567,-1
1129442,-1
194617,1.4159515783021759
31336,0.6666666666666666
31349,4.0
31353,0.04483532688970475
43698,0.6666666666666666
686532,-1
180373,5.421199111609576
31097,-1
46536,-1
6217,-1
10798,0.0
1154500,-1
18619,0.7023578335930476
20193,0.030204568461630308
252715,1.0
1102873,-1
39199,1.6331233967583587
11148,0.0
1129835,-1
1131719,-1
193354,3.8319031566043518
25413,-1
11326,0.3064632780855293
11339,0.16005493764332226
11335,0.0
1127657,-1
11325,-1
217139,2.0
11337,0.0
211432,-1
44017,0.47198385943405863
45061,-1
12155,2.7757095624475876
1126350,-1
12158,2.4658033529949805
12199,2.7651954978331164
148399,-1
12165,4.154929125970788
1112099,-1
12169,0.0
1119471,-1
1059953,-1
1106418,-1
1117249,-1
1153183,-1
155736,2.615112466296442
219239,3.20743234097444
28632,1.5979853111789397
28640,1.623269924581327
309476,-1
94713,-1
12194,0.0
27199,1.5
12195,0.22439757702831983
1107319,-1
1131611,-1
1132285,-1
38722,0.20080696046428043
51180,0.17141638677851612
111866,5.247854734906528
95225,2.8061376717571322
12247,4.731545625243377
12238,0.0
101263,0.6666666666666666
107569,0.7079757891510879
1152490,-1
1153861,-1
156977,0.35398789457554397
213279,1.4159515783021759
400356,0.3161140485896863
12337,0.0
16451,7.085511712830695
16470,2.0
16474,1.5016106764841233
12347,0.35311941994480817
12350,0.08253543102828975
101811,0.6516921313985643
152227,0.8307076118844056
20601,0.26815860782312717
20602,0.30192498031729437
1131634,-1
1071981,-1
1104999,-1
1105221,-1
1107674,-1
127033,2.8341318119392365
416455,-1
56112,0.3445842632826177
56709,0.9319034789954356
574710,-1
575795,2.351068946753594
62718,2.9888962360860867
63832,-1
12638,0.04512013089307303
119761,2.5529250415343987
13024,2.8319031566043518
899119,-1
13195,0.0
13205,0.0
1105148,-1
13208,0.8278311610059302
131318,5.415951578302176
13212,0.0
214472,-1
358884,1.0
411005,-1
13213,0.0
13269,1.2190361511272976
13652,0.1857371545963153
13654,0.39748427320048685
13656,3.0
83746,2.415951578302176
1115959,-1
119686,1.1721688389940697
987188,-1
13658,0.0
294239,-1
13717,2.5026864284549974
37998,-1
13966,0.0
13972,0.0
1126050,-1
13982,0.5458803847762442
34979,0.3333333333333333
14062,0.0
1152358,-1
646836,-1
97390,0.1172696563162686
98693,1.0
14083,1.0
1103016,-1
14090,0.0
643069,5.23126116058173
14428,0.0
1103031,-1
1103969,-1
14429,0.5
14431,4.0
34082,1.707975789151088
73119,0.8188205771643664
1119216,-1
14430,0.0
14529,0.0
1103038,-1
239829,-1
14531,0.0
1105932,-1
1152308,-1
56167,0.8030357902741218
592830,8.795238614598093
60682,1.0
14545,0.3823077111619759
14807,0.8278311610059302
264347,1.8319031566043518
15076,0.07570448057622017
25702,0.038452479243438344
708945,-1
175576,-1
210309,1.4159515783021759
217115,2.415951578302176
35854,-1
41666,4.079757891510879
89547,0.08440738408513397
15431,0.0
12558,-1
1110024,-1
1118388,-1
15892,1.0598155030825644
175909,0.6205096757310141
1116146,-1
15984,0.0
158098,-1
15987,0.0
523394,4.415951578302176
653441,2.8409297738167334
714289,0.7344878775929489
16008,0.0
1131165,-1
189571,1.066745584351922
189572,4.944229151745824
16437,0.0
152219,-1
430329,0.5458803847762442
51831,-1
1105603,-1
1129621,-1
16471,0.44957094698130556
1104787,-1
1114992,-1
273949,8.498060379182606
16476,0.0
1123087,-1
16485,0.0
105856,1.952870295410846
1109891,-1
1120049,-1
16819,0.13588067020123618
1131167,-1
1131236,-1
1131274,-1
1131312,-1
126793,0.8166004973915341
643003,2.8153095822795544
643221,0.1275272957185777
644093,9.959733992499688
644334,-1
646195,-1
646286,0.5890397217441999
16843,0.681044488892705
1152259,-1
1152991,-1
17201,0.0
1126012,-1
184157,5.059592745665419
95435,-1
1152633,-1
17242,1.4040022856279486
17363,0.0
17477,2.455570870153272
17488,0.0
17811,0.0
1107136,-1
17821,0.0
245955,-1
18251,4.815651287917713
18313,0.0
18532,1.0
86923,1.0
18536,0.0
1106854,-1
424540,0.5869914299051331
1153091,-1
18770,0.0
28964,1.0
531348,4.839777096951304
531351,4.839777096951304
18773,0.0
88356,-1
18774,0.9009496458415535
73146,0.7255846594178482
18777,0.0
103537,0.35469665263434286
1112686,-1
173863,0.7062388398896163
66794,1.3333333333333333
79817,6.149328212148391
18781,0.0
18785,-1
18811,0.0
1106401,-1
20920,-1
18812,0.0
510715,-1
18815,0.0
18832,0.0
18833,-1
18834,2.455933615863932
1152944,-1
593210,-1
593328,5.5134137285931795
593329,4.435139211929945
19231,0.0
1153736,-1
12960,-1
30934,1.0
686061,-1
19621,0.03725470512937534
1128846,-1
1131464,-1
123825,0.7161278842488024
240791,0.7511995636695263
628888,2.247854734906528
649730,5.204824753385256
649739,5.204824753385256
66990,2.124623356908888
853116,0.0715012600422107
948147,-1
19697,0.15006438557763063
40124,2.623927367453264
20178,0.9030324080774583
38829,2.1963860102205595
64271,0.6548711027038682
91853,1.0710042630502878
20179,0.0
95188,3.5236695733026044
1108597,-1
1114777,-1
1116397,-1
1116839,-1
1119180,-1
112813,-1
1130653,-1
1130657,-1
1138091,-1
1152244,-1
1153877,-1
1153879,-1
1153889,-1
144330,1.7955010204595354
566488,-1
566653,0.16361360639924608
566664,0.31563568260358427
20528,3.0391106209463974
70442,2.922556677263525
20584,0.0
1106849,-1
1118823,-1
20592,2.0
389715,3.6780925178887522
1118209,-1
1121537,-1
20821,0.0
1127863,-1
20923,0.0
1115701,-1
1116530,-1
20924,0.7024719742180269
289885,1.2943791835506313
294030,1.8463187388601299
1116181,-1
22229,0.29155297872309155
1103383,-1
1107418,-1
1128369,-1
144701,0.39215584951692933
22241,0.7178806121138619
243483,6.038630209429179
459216,1.4357612242277238
595193,-1
22386,0.0
1128407,-1
38846,0.7062388398896163
107251,3.38606830703984
107252,-1
1121459,-1
22564,0.22664383796215337
36140,0.05667903287212172
63915,0.3824174580307519
94229,1.6780925178887525
1110563,-1
22869,5.276370795601411
22876,-1
22874,6.276370795601411
22875,0.0
22883,5.7143170511619585
22886,0.0
1107367,-1
23069,0.6149144143270386
23070,1.1223679764018364
74700,0.4534953060196922
1116044,-1
134307,3.6732666816798982
134316,3.60546583677583
74698,1.3992498339809738
87915,0.7997458362831696
23116,0.5649910719116932
1105433,-1
1111978,-1
152731,0.9002676079649754
217852,-1
101662,5.16324437801791
1153064,-1
189574,2.8034863938724985
27249,1.2388257379887544
84020,1.4017431969362493
24043,0.0
1111265,-1
928873,-1
24476,0.0
1103499,-1
1153024,-1
24530,0.0
24966,0.0
1106671,-1
1123576,-1
1131149,-1
1154042,-1
124828,1.0
145134,0.20006168039071895
145176,0.2927441964786363
197452,0.6157910877308863
202639,0.07820553494005959
27627,0.06460949377187092
63549,2.0
65212,0.17659986135984337
671293,2.815436493681131
95719,3.647339650285483
24974,0.0
1104258,-1
1112723,-1
34315,0.4139155805029651
40125,6.334525241033953
285675,-1
385572,9.495148189238375
1153897,-1
147870,0.6051454978937104
25772,0.16488708546613787
1104769,-1
1122580,-1
1126503,-1
641956,1.5158228071469146
25791,0.0
45212,1.0
25794,0.7062388398896163
1110028,-1
1121063,-1
248119,-1
27203,0.0
23545,-1
27241,0.0
27243,0.0
27246,0.0
1128990,-1
27514,2.455570870153272
27530,0.0
1128542,-1
27531,0.6157910877308863
592826,2.0
1112026,-1
34961,1.9513292789067291
27543,0.0
27623,0.0
1104182,-1
27632,0.8436914373015508
686015,-1
686030,-1
116021,1.4159515783021759
27895,0.0
325497,-1
28230,0.0
28249,0.0
1152436,-1
28267,0.0
308529,-1
567005,6.044159971491656
28336,1.7354102934262696
108047,1.1114472144128305
28359,2.2080866334095783
28385,0.0
118558,-1
28389,0.0
28412,0.0
194645,2.825107055590924
28487,0.0
28489,0.0
28491,0.0
1152910,-1
28504,0.0
1139928,-1
131315,6.422697773966159
365294,0.492211827183052
28542,0.0
32260,2.512028820640155
28649,0.0
155738,1.1938939326443576
578669,1.227785435076636
595157,-1
28957,0.0
159897,2.55415305728868
1125402,-1
1125944,-1
29492,0.0
1112426,-1
1122574,-1
131117,1.0
144408,0.09780553113019588
29708,0.7062388398896163
400473,0.5458803847762442
29723,0.5177906990943179
29738,0.0
155277,-1
30817,0.0
144679,7.664980560217106
31055,0.0
31083,0.0
48066,-1
31105,0.0
1105672,-1
1063773,-1
1124844,-1
1129608,-1
1135746,-1
1152162,-1
1152272,-1
1152904,-1
286562,-1
31927,0.7735482415809289
686559,-1
31479,0.0
39165,1.5239886965531333
31483,0.0
118682,-1
31489,0.08164695137590001
40583,-1
40605,1.0
632796,2.0
632874,2.0
632935,-1
633721,3.8319031566043518
67245,2.312056828184301
67246,3.6782063439707255
31863,4.284211296247738
358894,-1
91581,5.773989277987588
1129572,-1
32083,0.0
1153933,-1
200630,0.7062388398896163
346292,0.7841185238449118
45605,0.4412935616495397
688361,-1
32276,0.0
174418,0.7062388398896163
636500,-1
84695,-1
33231,0.0
1132887,-1
33301,0.0
33325,0.0
1110256,-1
124296,3.807786725434466
34708,1.2692622418114885
78549,-1
78552,0.6154543924122791
78557,0.7299395029238493
33823,0.0
1119004,-1
33895,0.2206923729117159
1110546,-1
34257,0.1396489610523947
1106771,-1
1111186,-1
1114398,-1
1115456,-1
1116974,-1
1122642,-1
192870,0.9122990727903473
34263,1.6559079285885212
34266,1.6484053881586238
368605,2.815436493681131
87482,2.6973679101375683
90655,1.9392378507160417
503871,-1
682815,-1
35335,0.2927441964786363
168958,-1
59772,0.492211827183052
1104031,-1
1116410,-1
35778,0.29048347101509947
108962,1.2147140428391094
108983,0.4967264710337333
519318,2.6067483629677874
1128974,-1
399370,6.377669821255653
60169,5.812496862961353
627024,7.61452007099492
35852,0.0
41732,-1
134060,5.343049753998087
1105116,-1
194223,2.9030757322739964
390894,-1
66982,8.897959253144997
36131,0.0
77438,0.2407771245984282
350373,-1
46500,1.744171877727915
36162,0.0
189620,1.998837516110074
36802,0.08735824263499198
189856,0.5
37888,0.3540035397625798
589923,7.24806952914311
590022,-1
37483,0.10005363751893626
37541,0.8278311610059302
260979,1.8319031566043518
37879,0.0
1128997,-1
1129610,-1
1153942,-1
117316,2.1933491815724366
592975,8.470650084313565
592986,7.479811736213129
593060,4.655213590632434
606647,-1
61069,1.014233033786922
38537,0.0
1131270,-1
1131277,-1
137868,0.14637209823931815
153063,0.237334561676024
642847,0.11206637120460022
38771,0.0
1104191,-1
1110579,-1
39127,0.0
1128881,-1
1128927,-1
1128935,-1
116081,0.5
116087,-1
195150,4.949979914260107
46476,-1
75972,1.6499933047533688
39210,6.515637528653642
66986,5.60401630616889
39890,0.026887032879989513
1123689,-1
1154229,-1
1154232,-1
1154233,-1
242663,-1
51045,3.0
521855,3.6155926326959524
559804,1.1969974982023914
714256,0.19406929968779726
40131,2.2405497238828707
118079,-1
40135,0.0
1104261,-1
884094,-1
40886,0.0
41216,1.4159515783021759
1113551,-1
128383,3.7349736970845413
943087,-1
144212,6.600730453930871
182094,1.4797256974972817
44455,0.1643580184426707
42156,0.0
1118120,-1
1152179,-1
42209,0.5458803847762442
42221,0.0
42848,0.0
1116835,-1
43165,0.0
1131195,-1
43186,0.0
1135894,-1
206524,1.6156940359916536
48075,-1
44121,0.0
1104435,-1
227178,0.3516778226026419
44514,0.0
253971,1.0
606479,2.0
45052,0.0
1131266,-1
45188,0.5545216000200848
1130929,-1
1105450,-1
1132385,-1
45533,0.0
1104495,-1
45603,0.0
1131639,-1
975567,-1
1152569,-1
46452,0.0
46470,0.0
46491,0.0
137380,0.2056111796356725
46547,0.14208113945294953
51834,-1
46501,0.0
1153275,-1
46887,0.0
1153106,-1
47682,0.0
1125393,-1
47683,-1
47839,0.0
1124837,-1
48555,0.3605876592607794
48764,0.0
48768,0.0
48781,0.25
1134865,-1
397488,0.7079757891510879
423816,0.35311941994480817
1112369,-1
217984,4.9439115687140776
49720,1.0
49753,1.0
683355,12.77529356409642
50354,0.15934149792028252
123556,0.1398401359212297
289088,1.0
50807,0.0
1104749,-1
50838,0.0
50980,1.0
73972,1.0
51049,0.0
1134320,-1
51052,0.0
51879,0.0
51934,0.0
52000,0.7079757891510879
1104809,-1
52007,1.6156940359916536
52003,0.2927441964786363
1112194,-1
300806,0.35667968885266466
446271,-1
53942,0.0
1128291,-1
1128319,-1
1136791,-1
117315,1.4247471655581363
578645,-1
578646,1.3952372773429156
578649,-1
593022,2.455570870153272
1128982,-1
141324,2.2535243224977837
459213,4.302652978128233
459214,7.910942265885913
593859,-1
593942,4.1513264890641155
59715,7.526067372554273
54132,0.0
593921,-1
594387,-1
62634,2.7633527280507333
1104946,-1
55770,0.0
55801,3.225305811067985
56115,0.3036339182619298
1119178,-1
239810,2.760953356979567
56708,0.0
57119,0.0
1132731,-1
711527,-1
57773,1.207975789151088
1154524,-1
235670,-1
57932,0.0
58436,0.0
1114239,-1
87417,0.6307204798483499
58453,0.0
1113828,-1
248395,1.4592868313658887
58758,0.05408218442973286
1128208,-1
576973,0.10109128919247598
59626,0.0
96845,-1
59798,0.0
60159,2.515146389298647
61073,0.0
61312,0.0
61417,0.3333333333333333
1106764,-1
94416,1.4159515783021759
62329,0.2755856323188098
1131565,-1
195792,0.47979064799229265
251756,0.45036986570911564
593155,1.1994258218225697
650834,-1
62333,-1
1107325,-1
1107558,-1
62607,0.0
294145,-1
62676,0.0
312409,-1
83461,5.176657562475679
63812,0.0
1105360,-1
63835,1.516783288478631
64319,0.0
65057,0.3821015828066826
1125909,-1
519353,5.934677110293453
65074,0.24279408287133136
1110209,-1
1117920,-1
142268,2.162372249078929
714748,-1
1112319,-1
1123530,-1
66564,0.0
66596,0.0
362926,-1
66751,0.0
1135750,-1
1138043,-1
573535,1.4124776797792327
693143,1.0
695284,-1
1105505,-1
1153031,-1
509315,-1
82090,4.175716960939446
66809,0.0
1117501,-1
171954,1.0401095680896306
67584,0.0
1127558,-1
1127566,-1
562067,4.0
67633,0.4139155805029651
68115,0.0
68224,0.0
69198,0.036286251225921634
231198,0.04992092554133618
70281,0.0
70444,0.0
70520,0.0
70970,1.5510886866366933
593068,-1
71336,0.0
71736,0.0
71904,0.0
1135122,-1
1118347,-1
72406,0.0
72805,0.0
899085,-1
954315,6.643742401295633
73162,0.0
1134348,-1
189774,2.891718659686916
714260,0.8017835276607987
714879,-1
73323,0.0
1105810,-1
73712,0.0
74427,0.19639571559994745
74821,0.0
1120252,-1
1131150,-1
74920,1.0
1105877,-1
74921,1.0
74937,0.0
74975,0.0
1107041,-1
75121,0.6904289445511513
75318,0.2927441964786363
103430,0.35311941994480817
1121569,-1
75693,0.0
75694,0.0
75969,0.16666666666666666
1128856,-1
75983,0.0
1115790,-1
77108,0.0
77112,-1
106590,1.7237985962980025
1129994,-1
1129907,-1
613409,1.4159515783021759
78508,0.0
575402,5.759538734025377
78555,0.0
662279,-1
662572,7.333177297976704
1121659,-1
1131466,-1
358866,0.8262200190329211
80491,0.0
80656,0.0
81714,5.479242806889835
82666,0.0
82920,0.0
1125492,-1
1128198,-1
1129367,-1
576691,5.255828412463793
83847,0.0
1130678,-1
1106298,-1
1133047,-1
509233,-1
85324,0.0
628751,1.7457280737140652
577086,-1
85449,1.207975789151088
86258,0.0
1133469,-1
1114184,-1
1153786,-1
89308,0.35311941994480817
103528,0.7079757891510879
137130,0.2710419843301271
1116328,-1
1152379,-1
237376,-1
90470,0.4139155805029651
91038,0.0
92589,0.0
93273,0.0
93318,0.0
1152958,-1
143801,2.3667807982890348
284023,0.5628184839885226
284025,2.036365993945734
93755,0.0
1111733,-1
94639,0.0
94641,0.414338303740522
116553,5.677731333778372
95198,0.0
95588,0.0
95594,0.0
95597,0.0
95642,0.0
990075,-1
594025,-1
96851,0.0
100935,0.7079757891510879
99030,0.6488933755871759
193931,5.5372913892909015
100701,0.0
596075,-1
101261,0.0
102061,0.0
102939,0.0
1154074,-1
1113742,-1
246618,3.72767211077069
103531,1.0447271310676998
656048,2.2575847410561423
126912,0.6860192410009239
103543,0.83899887045635
126927,0.6583641050423023
289085,9.0350575866041
193932,9.90663854399388
1095507,-1
1107385,-1
1153899,-1
578898,1.8252619020705632
108963,1.1972709168752484
310653,3.4577472985813205
108974,0.0
1133417,-1
683404,10.52930087295693
110041,0.0
111676,0.0
111770,0.0
1119623,-1
112099,0.0
112787,1.992568077574766
114966,0.0
1125258,-1
115188,0.0
1107728,-1
116512,0.0
1107808,-1
116528,0.0
116545,0.0
117328,0.0
1115166,-1
118424,0.0
118435,0.0
1121739,-1
118873,0.0
1109566,-1
119712,0.0
1140543,-1
120817,0.0
1109873,-1
121792,0.0
1152394,-1
141160,0.24208692193611467
1154276,-1
124952,0.0
1119742,-1
1126011,-1
189721,1.0
126867,1.0
1108258,-1
126868,0.0
126909,0.15019587087901734
126920,0.5088687940979556
645897,1.1616596999997066
126926,0.0
127940,1.207975789151088
1114364,-1
243274,-1
128203,1.0
128202,-1
1108363,-1
1121313,-1
129287,1.4159515783021759
907845,-1
131122,0.0
131317,0.0
132821,0.0
133553,0.39924983398097386
133567,0.0
133628,0.0
1108570,-1
481073,-1
134199,0.0
164885,2.415951578302176
447224,3.0
134219,0.0
134314,0.0
134315,0.0
134320,0.0
135464,0.0
1135589,-1
135798,0.0
136767,0.0
137359,0.0
1118286,-1
137790,0.0
1131300,-1
1154068,-1
139738,0.0
1108841,-1
140005,0.0
1131345,-1
917493,-1
503877,1.4495028565228312
608191,1.9337665622606515
141596,0.0
143323,0.0
143476,0.0
1131549,-1
219446,0.7957554929907757
1128975,-1
1136342,-1
595063,-1
145315,0.0
294126,1.0
649944,-1
145384,0.0
1109185,-1
1132434,-1
148341,0.5
1109208,-1
149139,0.0
1123215,-1
1120786,-1
987197,-1
583318,-1
1131223,-1
561568,0.3797259810604349
561581,3.247854734906528
561593,2.247854734906528
561595,1.7582532584911048
561610,1.598632513493469
561613,0.2637196527477699
645084,4.247854734906528
154023,0.3333333333333333
1112106,-1
1133846,-1
154047,0.3333333333333333
1130934,-1
1133028,-1
155158,0.0
397590,1.0
156794,0.0
1118017,-1
158812,0.0
1127812,-1
159084,0.0
1152711,-1
159085,1.0
241821,1.0
160732,0.0
1128853,-1
1153922,-1
162075,0.35120933578141134
1109830,-1
162080,0.4139155805029651
737204,-1
1135345,-1
739707,1.8319031566043518
163235,0.0
166420,0.0
166825,0.0
166989,0.0
168332,0.0
169280,0.0
656231,1.5162223846382776
1138755,-1
820662,-1
174425,0.0
175256,0.0
175548,0.0
689152,7.025505712551419
753070,0.9519534802462162
177115,0.0
177993,1.0
177998,0.0
178718,0.0
179180,0.0
179702,0.0
1152859,-1
179706,0.0
180301,0.0
1110628,-1
1120084,-1
182093,0.0
1131550,-1
650814,3.428356542941611
187260,0.0
1110950,-1
189566,0.0
1153014,-1
189623,0.0
189655,0.0
1129518,-1
1134346,-1
190698,0.0
191222,0.0
191216,-1
193347,0.603987894575544
612306,0.8531194199448082
193352,0.2
193918,0.0
194609,0.0
1154520,-1
126128,-1
215912,2.238189682057448
563613,0.2900570873382718
248823,2.9647488100757236
377303,2.491456147428131
198866,0.0
199571,0.0
643734,2.415951578302176
202520,0.0
202522,0.0
643597,-1
203646,1.0
205196,0.3996539936386918
1130568,-1
1130586,-1
628764,-1
628766,-1
815096,0.9897387326851533
950986,-1
1128151,-1
1129629,-1
210872,0.0
212097,0.0
1112071,-1
212107,0.0
213246,0.0
216877,0.0
1117618,-1
216878,0.0
1152663,-1
219218,0.0
1112417,-1
567018,5.404721435744387
219976,0.0
220420,0.0
226698,0.0
1122304,-1
1128946,-1
228990,0.0
228992,-1
230879,0.0
1133428,-1
696343,1.0
851968,2.0
1153195,-1
232606,0.0
232860,0.0
1113084,-1
233106,0.0
12275,-1
630890,1.0
235678,0.5219338585196145
235679,0.4
689439,-1
235683,0.0
238401,0.0
240321,0.0
1113541,-1
245288,0.0
1121398,-1
248431,0.0
250566,0.0
253762,0.0
255628,0.0
258259,0.0
260121,0.0
261040,0.0
262108,0.0
262121,0.0
262178,0.0
1138968,-1
263069,0.0
263482,0.0
264556,0.0
335042,0.4139155805029651
267824,0.0
270456,0.0
270600,0.0
1114838,-1
278394,0.0
278403,0.0
1152959,-1
285687,0.0
286513,0.0
288107,0.0
1153784,-1
289945,0.0
292277,0.0
578845,0.20695779025148256
1133010,-1
302545,0.0
1152858,-1
1131198,-1
643199,3.6717799907659705
307656,0.0
270085,-1
1139195,-1
318071,0.0
318187,0.0
321004,0.0
1117049,-1
1117089,-1
325314,0.0
330208,0.0
337766,0.0
348305,0.0
1118546,-1
358887,0.0
360028,0.0
367312,1.0
1119211,-1
746058,1.4124776797792327
368657,1.0
400455,1.0
370366,0.0
375605,0.0
375825,1.0
376704,0.0
1119654,-1
379288,0.0
380341,0.0
60560,-1
384428,0.0
1120019,-1
390693,0.0
684972,4.928217650880851
1135115,-1
408885,0.0
1154173,-1
416867,0.0
416964,0.0
421481,0.0
430574,0.0
1105622,-1
430711,0.0
1132416,-1
671052,1.0
645571,0.5871110848937631
446610,0.0
1123093,-1
458439,0.0
1123493,-1
459206,0.0
466170,0.0
467383,0.0
1128977,-1
1131374,-1
1154076,-1
577331,4.487216484447101
646913,2.74360824222355
1125597,-1
1125906,-1
1125953,-1
521183,0.0
1125993,-1
522338,0.0
1132864,-1
683360,0.7062388398896163
523010,0.0
523574,0.0
529165,0.0
1126315,-1
561582,3.151785846602037
646440,-1
561611,0.0
561674,0.23541294662987208
1127541,-1
561789,0.0
1127551,-1
561809,0.0
562940,0.0
1127810,-1
573553,0.0
1138970,-1
593544,3.0395195546407807
608190,0.8557087311989638
1131734,-1
576362,0.0
1128201,-1
578365,0.0
1153900,-1
578650,0.0
1128943,-1
1128978,-1
593559,2.415951578302176
593560,2.415951578302176
579108,0.0
1128437,-1
582349,0.0
592993,0.0
592996,0.0
593248,-1
593104,0.0
1129015,-1
593201,0.0
593209,0.0
1153896,-1
594011,0.0
594039,0.0
594119,0.0
1129021,-1
594483,0.0
1129040,-1
594511,0.0
601462,0.0
1129368,-1
1129369,-1
604073,0.0
1129494,-1
610529,0.0
1153946,-1
616336,0.0
617378,0.0
1130069,-1
617575,0.0
1130080,-1
621555,0.0
1130243,-1
626530,0.0
1130454,-1
1154012,-1
626531,0.4139155805029651
626574,2.0
626999,0.0
628458,0.0
628459,-1
631015,0.0
633030,1.0
633031,1.0
633081,0.0
672070,0.8388576931825332
672071,0.9196609225280677
642593,0.0
1131163,-1
642621,0.0
1131164,-1
1131258,-1
642641,0.0
642681,0.09229114384792973
644441,0.8078470179958268
642798,1.1438004690796002
1131172,-1
644470,-1
642894,0.09465314787099625
1131180,-1
1131301,-1
1131335,-1
643239,0.14540668329464823
643485,0.256375355500154
645046,0.7625336460530668
645870,0.8077963163479759
646334,4.2876009381592
646357,4.2876009381592
642920,0.0
1131184,-1
642930,1.0
1131189,-1
1131192,-1
1131257,-1
1131305,-1
1131334,-1
644448,0.7378835406923703
644577,0.2627060892585805
643695,0.0
643777,-1
643735,0.0
644361,0.0
645016,4.0
644363,0.0
644427,0.0
1131314,-1
644494,1.8517762582306878
644843,0.0
1154071,-1
645088,0.0
645452,0.0
646289,0.0
646412,0.0
1131330,-1
646900,0.0
1131359,-1
647315,0.0
648106,0.7062388398896163
1131421,-1
648112,0.35398789457554397
1131420,-1
648121,0.5
648369,0.0
1131414,-1
650807,0.0
653628,0.0
1133930,-1
1131741,-1
654339,1.903893362717233
654519,0.0
1131754,-1
1131828,-1
662250,0.0
1132073,-1
1132406,-1
1132443,-1
1132505,-1
675756,0.0
682508,1.0
1132857,-1
683294,0.0
684531,0.0
687401,0.0
688824,0.0
1133008,-1
688849,0.0
1134031,-1
709518,0.0
1134056,-1
711994,0.0
1134197,-1
714208,1.9472799017243967
1154230,-1
733534,0.0
733576,0.0
734406,0.0
735311,-1
738941,0.0
1135455,-1
739280,0.0
739816,0.0
1140548,-1
752684,0.0
1135955,-1
753047,0.9187110120964458
1136631,-1
1136634,-1
753264,1.1037046592490793
767763,5.043760098474637
754594,0.0
1136040,-1
756061,0.0
1136110,-1
1136447,-1
762980,1.6902442391376986
1136449,-1
779960,0.0
1137140,-1
814836,0.0
1138619,-1
815073,0.0
817774,0.0
820661,-1
824245,0.0
1139009,-1
1140231,-1
853114,0.023278929093204438
853155,2.412477679779233
853115,0.0
853118,2.4475971925960054
