35,0.35209283470152897
1033,0.0012077294685990338
103482,0.00322061191626409
103515,0.011137949543746646
1050679,0.0
1103960,0.0
1103985,0.0
1109199,0.0
1112911,0.0
1113438,0.0
1113831,0.0
1114331,0.0
1117476,0.0
1119505,0.0
1119708,0.0
1120431,0.0
1123756,0.0
1125386,0.0
1127430,0.0
1127913,0.0
1128204,0.0
1128227,0.0
1128314,0.0
1128453,0.0
1128945,0.0
1128959,0.0
1128985,0.0
1129018,0.0
1129027,0.0
1129573,0.0
1129683,0.0
1129778,0.0
1130847,0.0
1130856,0.0
1131116,0.0
1131360,0.0
1131557,0.0
1131752,0.0
1133196,0.0
1133338,0.0
1136814,0.0
1137466,0.0
1152421,0.0
1152508,0.0
1153065,0.0
1153280,0.0
1153577,0.0
1153853,0.0
1153943,0.0
1154176,0.0
1154459,0.0
116552,0.0012077294685990338
12576,0.01955850778314546
128540,0.00040257648953301127
132806,0.002012882447665056
135130,0.0012077294685990338
141342,0.27657064933634956
141347,0.00040257648953301127
148170,0.0008051529790660225
15670,0.00040257648953301127
1688,0.01615673644659152
175291,0.0008051529790660225
178727,0.00040257648953301127
18582,0.0
190697,0.0
190706,0.002818035426731079
1956,0.00644122383252818
197054,0.00040257648953301127
198443,0.00040257648953301127
198653,0.24936878182651143
206371,0.00040257648953301127
210871,0.37426193639961597
229635,0.0
231249,0.0008051529790660225
248425,0.002012882447665056
249421,0.0008051529790660225
254923,0.005233494363929146
259701,0.00040257648953301127
259702,0.0008051529790660225
263279,0.00040257648953301127
263498,0.0008051529790660225
265203,0.0024154589371980675
273152,0.3235267930316223
27510,0.001610305958132045
28290,0.007648953301127214
286500,0.0
287787,0.012607353730542137
28851,0.0095276435856146
289779,0.001610305958132045
289780,0.0012077294685990338
289781,0.001610305958132045
307015,0.002012882447665056
335733,0.0008051529790660225
33904,0.0008051529790660225
33907,0.0024154589371980675
35061,0.32018306550311254
38205,0.011272141706924315
387795,0.00040257648953301127
415693,0.005401234567901235
41714,0.01375469672571122
427606,0.00811862587224906
44368,0.00040257648953301127
45599,0.0
46079,0.001610305958132045
46431,0.0
486840,0.0008051529790660225
48766,0.0008051529790660225
503883,0.004428341384863124
503893,0.002012882447665056
513189,0.0024154589371980675
54129,0.008454106280193236
54131,0.007917337627482555
56119,0.002818035426731079
561238,0.0
568857,0.0008051529790660225
573964,0.0024154589371980675
573978,0.0
574009,0.00040257648953301127
574264,0.004428341384863124
574462,0.0
575077,0.02274557165861513
575292,0.0008051529790660225
575331,0.0
576725,0.0008051529790660225
576795,0.00040257648953301127
577227,0.00040257648953301127
578780,0.0
579008,0.0036231884057971015
592973,0.0008051529790660225
593091,0.00040257648953301127
593105,0.0
593240,0.0008051529790660225
593260,0.0
593813,0.0
594047,0.0008051529790660225
594543,0.0
594649,0.0
594900,0.0
608326,0.0008051529790660225
634902,0.00040257648953301127
634904,0.00040257648953301127
634938,0.00040257648953301127
634975,0.0
640617,0.0012077294685990338
646809,0.002012882447665056
646837,0.0
647408,0.0
647447,0.0008051529790660225
66556,0.008722490606548578
66563,0.0008051529790660225
66805,0.0012077294685990338
69284,0.0008051529790660225
69296,0.00040257648953301127
694759,0.0
735303,0.00040257648953301127
78511,0.003757380568974772
787016,0.00040257648953301127
801170,0.0
81722,0.0
82098,0.00040257648953301127
84021,0.007910628019323672
85352,0.016505636070853463
86359,0.002012882447665056
8865,0.014063338701019862
887,0.2641724497098885
97645,0.002818035426731079
98698,0.006897477187332261
40,0.0024154589371980675
1109017,0.0
1114442,0.0
114,0.05562249188456919
1103315,0.0
1105394,0.0
1106112,0.0
1106172,0.0
1106406,0.0
1107455,0.0
1111052,0.0
1114125,0.0
1117942,0.0
1118245,0.0
1118332,0.0
1120170,0.0
1126029,0.0
124064,0.012446323134728933
128,0.0038915727321524422
130,0.0012077294685990338
136665,0.001610305958132045
191404,0.0
193742,0.0012077294685990338
23258,0.0012077294685990338
28227,0.0062734836285560916
28287,0.006038647342995169
28350,0.020598497047772397
28387,0.00040257648953301127
28471,0.0008051529790660225
28485,0.001610305958132045
341188,0.0008051529790660225
38480,0.00040257648953301127
39403,0.0012077294685990338
434,0.010871961506019476
55968,0.00040257648953301127
58540,0.00040257648953301127
6155,0.00040257648953301127
6170,0.0
6196,0.004025764895330112
6220,0.012446323134728933
64484,0.00040257648953301127
7432,0.0
755217,0.0
8213,0.0
91975,0.00040257648953301127
976334,0.0
117,0.19606061767897537
1109581,0.0
149669,0.0008051529790660225
17476,0.0036231884057971015
189708,0.0012077294685990338
206259,0.0
28202,0.0012077294685990338
28278,0.00040257648953301127
32872,0.00040257648953301127
33013,0.0
6214,0.1891543395770452
75674,0.0008051529790660225
20526,0.0008051529790660225
13960,0.0
345340,0.0
288,0.0024154589371980675
1118092,0.0
36167,0.001610305958132045
424,0.0012077294685990338
1135125,0.0
218666,0.0
47684,0.0
267003,0.01211659381949237
463,0.004025764895330112
58454,0.0036231884057971015
504,0.008856682769726247
1102364,0.0
1112650,0.0
506,0.008051529790660225
89416,0.008051529790660225
1106546,0.0
10796,0.010064412238325281
1105033,0.0
1111304,0.0
1113614,0.0
114308,0.001610305958132045
134128,0.0012077294685990338
161221,0.00040257648953301127
170798,0.002012882447665056
19045,0.001610305958132045
20972,0.00040257648953301127
28456,0.0
299195,0.0
299197,0.0
334153,0.00040257648953301127
35490,0.006910896403650027
595056,0.0
6151,0.22856704263709118
6213,0.23409989880400545
6215,0.010654857756307033
64519,0.03877626332336476
87363,0.00040257648953301127
906,0.040964394346036846
1103979,0.0
1105344,0.0
1114352,0.0
1136397,0.0
1140040,0.0
34355,0.00040257648953301127
910,0.04037315006517904
1104379,0.0
1105530,0.0
1108834,0.0
1110520,0.0
1114118,0.0
1116569,0.0
1118848,0.0
1120858,0.0
1122460,0.0
1126044,0.0
1129111,0.0
1135137,0.0
1152194,0.0
12439,0.002012882447665056
12946,0.0
131042,0.0008051529790660225
13136,0.0008051529790660225
160705,0.0
227286,0.00040257648953301127
242637,0.00040257648953301127
31043,0.0
340075,0.0
340078,0.0008051529790660225
35905,0.013961736063185343
42847,0.00040257648953301127
436796,0.0
48550,0.005636070853462158
5462,0.04077333026608388
576257,0.0008051529790660225
58552,0.0008051529790660225
5869,0.040786749482401644
636511,0.0
67292,0.00040257648953301127
675649,0.00040257648953301127
684372,0.0
94953,0.0
936,0.012077294685990338
1107010,0.0
1111899,0.0
129558,0.0
207395,0.0
3084,0.0012077294685990338
3828,0.008454106280193236
38845,0.0008051529790660225
940,0.016505636070853463
20180,0.01582125603864734
28265,0.015338164251207733
941,0.017310789049919485
943,0.014244498121309712
1152896,0.0
91852,0.0053341384863124
1026,0.002012882447665056
1034,0.00040257648953301127
1102550,0.0
1105231,0.0
1129798,0.0
1153945,0.0
1107062,0.0
1035,0.001610305958132045
1110515,0.0
1213,0.12
1154525,0.0
409725,0.0
8766,0.04
1237,0.001610305958132045
102938,0.00040257648953301127
1102400,0.0
143676,0.00040257648953301127
1246,0.010064412238325281
1104007,0.0
42207,0.002012882447665056
57764,0.00040257648953301127
6125,0.007555018786902844
1272,0.1144649566751017
1102625,0.0
1108167,0.0
1120962,0.0
112378,0.0024154589371980675
1123867,0.0
1128256,0.0
1129208,0.0
1135358,0.0
157805,0.0008051529790660225
18615,0.0024154589371980675
192734,0.0
20593,0.0
27230,0.00040257648953301127
284414,0.00040257648953301127
30895,0.0024154589371980675
30901,0.0
444240,0.0
520471,0.00040257648953301127
52835,0.00040257648953301127
552469,0.0
560936,0.001610305958132045
591016,0.0008051529790660225
636098,0.0
65653,0.0008051529790660225
6917,0.0012077294685990338
6923,0.004025764895330112
85452,0.0008051529790660225
85688,0.12044992715282589
93923,0.0008051529790660225
97892,0.0
1365,0.12974560999923324
1031453,0.0
1102407,0.0
1105062,0.0
1106287,0.0
1108050,0.0
1110494,0.0
1110998,0.0
1113995,0.0
1114153,0.0
1114388,0.0
1114605,0.0
1116347,0.0
1116594,0.0
1117653,0.0
1119140,0.0
1120211,0.0
1120866,0.0
1128839,0.0
1129443,0.0
1130600,0.0
1131647,0.0
1131745,0.0
1131748,0.0
1132922,0.0
1132968,0.0
1135368,0.0
1136422,0.0
1136442,0.0
1152143,0.0
1152821,0.0
1154169,0.0
120084,0.00040257648953301127
139865,0.0008051529790660225
157401,0.00040257648953301127
171225,0.0
184918,0.005587186565447437
188318,0.00040257648953301127
188471,0.0008051529790660225
22835,0.0008051529790660225
23448,0.0
23502,0.008272946859903383
23507,0.008856682769726247
237521,0.017310789049919485
26850,0.00040257648953301127
330148,0.00707192699946323
340299,0.006038647342995169
39904,0.0
49482,0.004428341384863124
562123,0.001610305958132045
628500,0.0008051529790660225
648232,0.0008051529790660225
649731,0.004025764895330112
69392,0.00040257648953301127
7276,0.00040257648953301127
7297,0.002818035426731079
77758,0.06439897886153928
782486,0.0
83826,0.00040257648953301127
85299,0.00322061191626409
853150,0.0
90888,0.0036231884057971015
93555,0.00322061191626409
948299,0.0
948846,0.0
949318,0.0
949511,0.0
950052,0.0
950305,0.0
1481,0.006843800322061192
1102567,0.0
1106052,0.0
1108267,0.0
1111614,0.0
1113934,0.0
1114864,0.0
1117184,0.0
1119295,0.0
1120563,0.0
1153891,0.0
200480,0.0
399173,0.0
4878,0.00040257648953301127
521207,0.0008051529790660225
521269,0.00040257648953301127
1134022,0.0
152483,0.0012077294685990338
1694,0.00040257648953301127
39474,0.00040257648953301127
647413,0.0
1717,0.0036231884057971015
1115291,0.0
1116336,0.0
1135108,0.0
50381,0.0012077294685990338
733167,0.00040257648953301127
1786,0.005233494363929146
35797,0.004830917874396135
1817,0.00040257648953301127
1114502,0.0
1919,0.0008051529790660225
1108389,0.0
1949,0.0036231884057971015
129042,0.0012077294685990338
3101,0.001610305958132045
1951,0.0036231884057971015
3095,0.00322061191626409
1952,0.004696725711218465
1107215,0.0
1953,0.005233494363929146
1153166,0.0
1153724,0.0
1153728,0.0
1955,0.008856682769726247
110163,0.0008051529790660225
1110390,0.0
101143,0.0008051529790660225
1118302,0.0
1153101,0.0
1153150,0.0
263486,0.00040257648953301127
83449,0.001610305958132045
1959,0.013687600644122383
3097,0.005636070853462158
310530,0.00040257648953301127
38839,0.00040257648953301127
73327,0.002012882447665056
82664,0.006038647342995169
1997,0.01288244766505636
1102442,0.0
1108551,0.0
1109439,0.0
1109542,0.0
129897,0.0
154982,0.0024154589371980675
3233,0.012446323134728932
49811,0.010654857756307031
7032,0.002818035426731079
1999,0.004025764895330112
1123068,0.0
1131471,0.0
39126,0.0008051529790660225
6771,0.0012077294685990338
2354,0.011916264090177134
10186,0.00040257648953301127
1107140,0.0
1113852,0.0
1130539,0.0
154134,0.0
40151,0.008655394524959743
74749,0.011943102522812667
2440,0.03316559312936123
1000012,0.0
1061127,0.0
1106388,0.0
1107095,0.0
1110426,0.0
1114512,0.0
1117786,0.0
1120650,0.0
1127619,0.0
1153254,0.0
136766,0.00040257648953301127
136768,0.0008051529790660225
151430,0.00040257648953301127
212777,0.0
23546,0.0008051529790660225
49843,0.001610305958132045
49844,0.00040257648953301127
49847,0.0008051529790660225
582343,0.00040257648953301127
591017,0.00040257648953301127
63931,0.004025764895330112
72908,0.004696725711218465
2653,0.019274787209569818
102406,0.0
107177,0.00040257648953301127
1104055,0.0
1116268,0.0
1116842,0.0
1118764,0.0
1119751,0.0
1152075,0.0
167656,0.0
197783,0.0
28641,0.0
321861,0.00040257648953301127
350362,0.0
4660,0.0024154589371980675
59045,0.00040257648953301127
65650,0.001610305958132045
2654,0.005233494363929146
1104851,0.0
1106630,0.0
1107861,0.0
1110438,0.0
1121867,0.0
1123926,0.0
211906,0.0
27250,0.0
463825,0.0
52784,0.00040257648953301127
2658,0.008051529790660225
1115375,0.0
1130676,0.0
1130808,0.0
1131607,0.0
1132948,0.0
1135899,0.0
1140230,0.0
230884,0.001610305958132045
236759,0.0
282700,0.00040257648953301127
395540,0.00040257648953301127
578347,0.00040257648953301127
696342,0.0
696345,0.007648953301127215
696346,0.0
751408,0.00040257648953301127
99023,0.0012077294685990338
2663,0.00040257648953301127
1119671,0.0
2665,0.016908212560386472
1105574,0.0
1113035,0.0
1122704,0.0
1132486,0.0
205192,0.00697799248523886
237489,0.016908212560386472
43639,0.0008051529790660225
578306,0.0008051529790660225
578309,0.00040257648953301127
578337,0.007246376811594203
582139,0.0008051529790660225
630817,0.00040257648953301127
631052,0.0
763009,0.0012077294685990338
2695,0.002818035426731079
1108169,0.0
1120197,0.0
2698,0.002818035426731079
342802,0.0022141706924315623
2696,0.048593538327837846
1114192,0.0
1118083,0.0
1123239,0.0
1133004,0.0
256106,0.00040257648953301127
469504,0.0
5348,0.04102932650637961
99025,0.0
2702,0.008856682769726247
1120777,0.0
12330,0.007648953301127214
395553,0.0008051529790660225
72056,0.00040257648953301127
1107171,0.0
255233,0.00040257648953301127
33303,0.0
3085,0.01288244766505636
15889,0.004025764895330112
221302,0.00040257648953301127
30973,0.0
395725,0.0008051529790660225
5062,0.004428341384863124
110162,0.0008051529790660225
218682,0.0008051529790660225
1106236,0.0
129045,0.0008051529790660225
110164,0.0
70441,0.0
3112,0.00644122383252818
103529,0.00040257648953301127
1152564,0.0
470511,0.0
77826,0.00644122383252818
77829,0.00644122383252818
3187,0.04687782359883805
1110000,0.0
129896,0.0
280876,0.00040257648953301127
5086,0.04675108283200069
3191,0.04098491417331993
105865,0.0012077294685990338
1106789,0.0
1127530,0.0
1131267,0.0
137873,0.0
162664,0.0036231884057971015
308920,0.0
310742,0.0
3192,0.04493929201054805
423463,0.0
561364,0.00040257648953301127
642827,0.0
3217,0.0036231884057971015
167670,0.00040257648953301127
238099,0.00040257648953301127
86840,0.0
3218,0.038645425964266546
1106492,0.0
1119987,0.0
1120169,0.0
1152290,0.0
1153264,0.0
187354,0.0012077294685990338
277263,0.0
35070,0.0
417017,0.0
6639,0.004830917874396135
66782,0.0008051529790660225
6767,0.026033279656468063
6941,0.00040257648953301127
3220,0.00966183574879227
1115677,0.0
1125992,0.0
1128430,0.0
1130634,0.0
1131728,0.0
1132706,0.0
120039,0.0
145215,0.001610305958132045
346243,0.0008051529790660225
36620,0.002012882447665056
39124,0.0
40922,0.0
429805,0.0
654177,0.00040257648953301127
69397,0.0
8832,0.00040257648953301127
3222,0.0024154589371980675
1103737,0.0
1114222,0.0
1131137,0.0
1132157,0.0
964248,0.0
3223,0.0024154589371980675
3229,0.08841921631776707
100197,0.002012882447665056
1105718,0.0
1106568,0.0
1108209,0.0
1109392,0.0
1112767,0.0
1125082,0.0
1125895,0.0
1126037,0.0
1128868,0.0
1130915,0.0
1130927,0.0
1130931,0.0
1132418,0.0
1140289,0.0
1152277,0.0
1152673,0.0
1154251,0.0
118559,0.0008051529790660225
133550,0.001610305958132045
16461,0.00040257648953301127
189577,0.0
25181,0.005233494363929146
25184,0.0012077294685990338
27174,0.0036231884057971015
27631,0.004830917874396135
31769,0.0008051529790660225
33412,0.002818035426731079
35343,0.00040257648953301127
35863,0.002012882447665056
35922,0.011674718196457327
390922,0.0
396412,0.0
444191,0.004830917874396135
447250,0.0
52515,0.01839774557165862
62347,0.00040257648953301127
641976,0.004629629629629629
654326,0.0008051529790660225
7022,0.0
72101,0.00040257648953301127
82087,0.0
919885,0.0
92065,0.00040257648953301127
96335,0.0
3231,0.0213365539452496
104840,0.0
1102761,0.0
1106330,0.0
1106370,0.0
1107067,0.0
1113926,0.0
1115471,0.0
1128536,0.0
1153169,0.0
180399,0.0008051529790660225
20850,0.0
259126,0.0
3237,0.00040257648953301127
328370,0.0
49660,0.0022812667740203974
6334,0.021256038647342993
63477,0.0
63486,0.0024154589371980675
66594,0.0012077294685990338
68463,0.0
8699,0.0008051529790660225
8821,0.0008051529790660225
3232,0.004428341384863124
20942,0.0
521251,0.00040257648953301127
1125467,0.0
192850,0.00040257648953301127
272720,0.00040257648953301127
509379,0.00040257648953301127
976284,0.0
3235,0.001610305958132045
3236,0.014700751476113797
601561,0.0
3240,0.036620082815734985
1110531,0.0
39130,0.026187600644122382
3243,0.00912506709608159
1103610,0.0
1110947,0.0
1113739,0.0
307336,0.0008051529790660225
31932,0.0014090177133655394
368431,0.00040257648953301127
854434,0.0
3932,0.0036231884057971015
5075,0.00322061191626409
4274,0.0012077294685990338
1105428,0.0
1114664,0.0
1119078,0.0
4329,0.010346215780998392
105899,0.00040257648953301127
1110768,0.0
28254,0.002012882447665056
395547,0.0
46468,0.0067096081588835215
510718,0.0
4330,0.03827831454643048
1103676,0.0
1104449,0.0
11093,0.003488996242619431
1112929,0.0
1132459,0.0
1132461,0.0
1136393,0.0
1152917,0.0
118436,0.0
119956,0.0
120013,0.0
151708,0.00040257648953301127
168410,0.0
32688,0.004428341384863124
37884,0.00040257648953301127
390889,0.0
428610,0.0
684986,0.0012077294685990338
69418,0.0
753265,0.0024154589371980675
949217,0.0
4335,0.02920692431561996
1104300,0.0
1121254,0.0
1136310,0.0
1140547,0.0
116790,0.00040257648953301127
239800,0.0010735373054213634
32698,0.00040257648953301127
62274,0.0012077294685990338
62417,0.0012077294685990338
755082,0.00040257648953301127
95718,0.0008051529790660225
4553,1.0
1102548,0.0
4584,0.26579010428648087
1120020,0.0
1130567,0.0
13885,0.0024154589371980675
13917,0.00040257648953301127
293285,0.0
6184,0.1805237647930887
6210,0.00040257648953301127
628815,0.00040257648953301127
4637,0.00040257648953301127
164,0.0
4649,0.08264673128803568
1105887,0.0
1127851,0.0
135765,0.001610305958132045
135766,0.002012882447665056
411092,0.0
449841,0.00040257648953301127
8703,0.0841794265405376
429781,0.0
5038,0.0
4804,0.04022266313932981
102884,0.0008051529790660225
1108175,0.0
1112574,0.0
1153262,0.0
12182,0.013855340848094474
12210,0.04269898780768345
157761,0.001610305958132045
25805,0.001610305958132045
45189,0.004025764895330112
68505,0.0
77515,0.0008051529790660225
989397,0.0
4983,1.0
7867,0.75
5055,0.0024154589371980675
28026,0.002818035426731079
5064,0.002818035426731079
5069,0.002616747181964573
1121176,0.0
1129106,0.0
272345,0.0
385067,0.00040257648953301127
109323,0.001610305958132045
1105698,0.0
137849,0.0012077294685990338
354004,0.00040257648953301127
440815,0.03428859564125264
79809,0.006038647342995169
5194,0.006038647342995169
1152714,0.0
133563,0.004428341384863124
133566,0.00040257648953301127
140569,0.0
139547,0.0
75695,0.001610305958132045
911198,0.0
5454,0.0012077294685990338
1128425,0.0
1130680,0.0
5600,0.008353462157809985
1022969,0.0
1117833,0.0
5959,0.002012882447665056
152226,0.00040257648953301127
545647,0.00040257648953301127
582511,0.00040257648953301127
5966,0.004025764895330112
1107572,0.0
12211,0.0012077294685990338
27612,0.004971819645732689
385251,0.0
6130,0.00322061191626409
1154123,0.0
1154124,0.0
671269,0.002012882447665056
675847,0.00040257648953301127
1106547,0.0
1107355,0.0
1385,0.0
6152,0.00040257648953301127
6163,0.013217928073000538
1106966,0.0
20534,0.007917337627482555
96847,0.00040257648953301127
6169,0.006843800322061192
1114629,0.0
170338,0.0
7419,0.0036231884057971015
10981,0.00927938808373591
1120731,0.0
13686,0.10061872172379445
399339,0.00040257648953301127
1153056,0.0
81350,0.0008051529790660225
6209,0.008454106280193236
1108329,0.0
118259,0.0008051529790660225
118260,0.00040257648953301127
181782,0.0
212930,0.0
8875,0.002012882447665056
95579,0.0
1105764,0.0
1109957,0.0
1111230,0.0
1113182,0.0
1113459,0.0
1117760,0.0
1122425,0.0
1123553,0.0
1128267,0.0
1129096,0.0
1129243,0.0
13193,0.00322061191626409
153598,0.00040257648953301127
17208,0.0024154589371980675
195361,0.00040257648953301127
218410,0.002012882447665056
23774,0.0012077294685990338
241133,0.00040257648953301127
293271,0.00040257648953301127
353541,0.0
6224,0.012157809983896942
628667,0.00040257648953301127
628668,0.0
672064,0.0036231884057971015
1115886,0.0
1152740,0.0
28447,0.002012882447665056
6378,0.0012077294685990338
93320,0.0
95589,0.0
6216,0.00322061191626409
230300,0.00040257648953301127
6238,0.001610305958132045
10793,0.0
1123991,0.0
1130356,0.0
84459,0.0
6311,0.001610305958132045
235776,0.0
6318,0.001610305958132045
1108656,0.0
1121057,0.0
20833,0.0
1152307,0.0
1152448,0.0
1152975,0.0
1153703,0.0
6343,0.0024154589371980675
141868,0.00040257648953301127
359067,0.0
521252,0.00040257648953301127
6344,0.0008051529790660225
1112665,0.0
6346,0.0008051529790660225
1106103,0.0
1112075,0.0
28473,0.0
6385,0.005636070853462158
1103162,0.0
682666,0.0
892139,0.0
6539,0.00040257648953301127
1102646,0.0
116084,0.002818035426731079
178209,0.0036231884057971015
568045,0.0
6741,0.027308105206655924
1130637,0.0
1153160,0.0
348437,0.0
49895,0.0
51909,0.0012077294685990338
83725,0.020430756843800323
9708,0.0024154589371980675
1120444,0.0
6925,0.002012882447665056
6775,0.0012077294685990338
1111240,0.0
350319,0.0008051529790660225
6782,0.0008051529790660225
6784,0.008856682769726247
100961,0.0010735373054213634
1116629,0.0
60170,0.0010735373054213634
6786,0.0008051529790660225
714975,0.0
6814,0.0036231884057971015
1117348,0.0
1125469,0.0
158172,0.0008051529790660225
293974,0.00040257648953301127
300071,0.0
315266,0.0
390896,0.0
445938,0.00040257648953301127
6818,0.014895330112721417
1105531,0.0
50336,0.011674718196457327
50337,0.005233494363929146
6898,0.03819396518671874
1123188,0.0
124224,0.039936546277125985
12631,0.04685415228893487
431206,0.00040257648953301127
6910,0.004025764895330112
78994,0.0012077294685990338
1117219,0.0
1132083,0.0
1152150,0.0
1154103,0.0
169279,0.0008051529790660225
263553,0.004025764895330112
662416,0.00040257648953301127
6913,0.04107622114868491
1105011,0.0
1131230,0.0
703953,0.0
1153811,0.0
1155073,0.0
20857,0.0008051529790660225
308003,0.0
1114526,0.0
1118658,0.0
372862,0.0
57922,0.0012077294685990338
57948,0.0012077294685990338
6935,0.006038647342995169
101660,0.00040257648953301127
1115670,0.0
6939,0.00040257648953301127
1116922,0.0
323128,0.0
52847,0.0008051529790660225
7041,1.0
1120880,0.0
7047,0.004025764895330112
1135082,0.0
14549,0.0012077294685990338
54844,0.00040257648953301127
7272,0.00308641975308642
1136446,0.0
763181,0.0
7296,0.00040257648953301127
763010,0.001610305958132045
1107312,0.0
7430,0.0012077294685990338
1153287,0.0
95586,0.00040257648953301127
7532,0.004025764895330112
1121603,0.0
1153097,0.0
141171,0.00040257648953301127
314459,0.00040257648953301127
7537,0.004025764895330112
80515,0.0008051529790660225
1113534,0.0
1131348,0.0
409255,0.00040257648953301127
1138027,0.0
315789,0.5
8079,0.005233494363929146
105057,0.0
8224,0.12669848937964914
1108728,0.0
1111788,0.0
1128531,0.0
1132815,0.0
11342,0.006038647342995169
1153148,0.0
1153866,0.0
133615,0.0012077294685990338
22431,0.010789049919484702
22563,0.11799964215423148
23738,0.12182908565758802
55403,0.00040257648953301127
601567,0.0
62389,0.00040257648953301127
97377,0.037982133271988336
8581,0.01892109500805153
1120059,0.0
75691,0.0
8591,0.28
137956,0.08
167205,0.0
709113,0.04
8594,0.68
1132809,0.0
180187,0.04
232605,0.04
58268,0.12
8617,0.006038647342995169
12359,0.002012882447665056
36145,0.002818035426731079
8619,0.0036231884057971015
8687,0.0008051529790660225
1102751,0.0
38000,0.0
8696,0.0008051529790660225
101145,0.0
173884,0.0
27535,0.10208301382818306
308232,0.0
502574,0.0
51866,0.0988087250466477
59244,0.0
89335,0.00040257648953301127
1129570,0.0
395075,0.0
608292,0.0
785678,0.0
8872,0.004830917874396135
1104647,0.0
1125092,0.0
1152761,0.0
1153860,0.0
8874,0.006843800322061192
1120643,0.0
1153816,0.0
1152676,0.0
8961,0.0008051529790660225
1133390,0.0
9513,0.00040257648953301127
102879,0.00040257648953301127
9515,0.039610171765968843
9559,1.0
1102794,0.0
252725,0.0
9581,0.0026838432635534087
1130780,0.0
633585,0.002012882447665056
9586,0.0030327428878153513
1120138,0.0
33818,0.004227053140096618
1153003,0.0
9716,0.001610305958132045
28674,0.0
10169,0.029790660225442835
114189,0.00040257648953301127
158614,0.029790660225442835
17798,0.02576489533011272
211875,0.0
39131,0.02214170692431562
711598,0.0
10174,0.0008051529790660225
10177,0.09086822329575953
12197,0.001610305958132045
12198,0.005132850241545894
124734,0.002012882447665056
15429,0.08858695652173915
249858,0.00040257648953301127
27606,0.00322061191626409
67415,0.03772716816195071
68495,0.0
10183,0.017178513917644352
10430,0.004025764895330112
1114336,0.0
1120713,0.0
259772,0.00040257648953301127
47570,0.0008051529790660225
54550,0.008695652173913044
10435,0.07715220121621119
1103394,0.0
208345,0.0008051529790660225
22566,0.07429766288461963
41417,0.0012077294685990338
10531,0.012077294685990338
1102850,0.0
1107567,0.0
1129442,0.0
194617,0.001610305958132045
31336,0.0012077294685990338
31349,0.00040257648953301127
31353,0.012077294685990338
43698,0.0012077294685990338
686532,0.0
180373,0.0012077294685990338
31097,0.0
46536,0.0
6217,0.0
10798,0.130530619630861
1154500,0.0
18619,0.00322061191626409
20193,0.02791196994095544
252715,0.00040257648953301127
1102873,0.0
39199,0.00322061191626409
11148,0.16
1129835,0.0
1131719,0.0
193354,0.04
25413,0.0
11326,0.00322061191626409
11339,0.00322061191626409
11335,0.005636070853462158
1127657,0.0
11325,0.0
217139,0.00040257648953301127
11337,0.00040257648953301127
211432,0.0
44017,0.0012077294685990338
45061,0.0
12155,0.00040257648953301127
1126350,0.0
12158,0.001610305958132045
12199,0.0012077294685990338
148399,0.0
12165,0.0008051529790660225
1112099,0.0
12169,0.001610305958132045
1119471,0.0
1059953,0.0
1106418,0.0
1117249,0.0
1153183,0.0
155736,0.00201959205582394
219239,0.001610305958132045
28632,0.001610305958132045
28640,0.0008051529790660225
309476,0.0
94713,0.0
12194,0.0012077294685990338
27199,0.0008051529790660225
12195,0.03721723794187558
1107319,0.0
1131611,0.0
1132285,0.0
38722,0.04157464918334479
51180,0.04654455179817498
111866,0.00040257648953301127
95225,0.0020799785292538913
12247,0.0008051529790660225
12238,0.0024154589371980675
101263,0.0012077294685990338
107569,0.0008051529790660225
1152490,0.0
1153861,0.0
156977,0.001610305958132045
213279,0.00040257648953301127
400356,0.0036231884057971015
12337,0.00644122383252818
16451,0.00040257648953301127
16470,0.00040257648953301127
16474,0.002012882447665056
12347,0.001610305958132045
12350,0.048376274825550195
101811,0.007548309178743961
152227,0.001610305958132045
20601,0.008051529790660225
20602,0.008051529790660225
1131634,0.0
1071981,0.0
1104999,0.0
1105221,0.0
1107674,0.0
127033,0.0012077294685990338
416455,0.0
56112,0.01762614063338701
56709,0.006038647342995169
574710,0.0
575795,0.0008051529790660225
62718,0.001610305958132045
63832,0.0
12638,0.04651100375738056
119761,0.0012077294685990338
13024,0.04
899119,0.0
13195,0.0012077294685990338
13205,0.001610305958132045
1105148,0.0
13208,0.0012077294685990338
131318,0.00040257648953301127
13212,0.00322061191626409
214472,0.0
358884,0.00040257648953301127
411005,0.0
13213,0.0012077294685990338
13269,0.004025764895330112
13652,0.004025764895330112
13654,0.002818035426731079
13656,0.00040257648953301127
83746,0.00040257648953301127
1115959,0.0
119686,0.0012077294685990338
987188,0.0
13658,0.00322061191626409
294239,0.0
13717,0.0012077294685990338
37998,0.0
13966,0.00040257648953301127
13972,0.008756038647342996
1126050,0.0
13982,0.0012077294685990338
34979,0.0012077294685990338
14062,0.009259259259259259
1152358,0.0
646836,0.0
97390,0.005636070853462158
98693,0.0008051529790660225
14083,0.00040257648953301127
1103016,0.0
14090,0.0012077294685990338
643069,0.00040257648953301127
14428,0.875
1103031,0.0
1103969,0.0
14429,0.75
14431,0.125
34082,0.25
73119,0.75
1119216,0.0
14430,0.875
14529,0.001610305958132045
1103038,0.0
239829,0.0
14531,0.004830917874396135
1105932,0.0
1152308,0.0
56167,0.002012882447665056
592830,0.00040257648953301127
60682,0.00040257648953301127
14545,0.001610305958132045
14807,0.0012077294685990338
264347,0.00040257648953301127
15076,0.1004057715410374
25702,0.09796698872785854
708945,0.0
175576,0.0
210309,0.00040257648953301127
217115,0.00040257648953301127
35854,0.0
41666,0.00040257648953301127
89547,0.00966183574879227
15431,0.00040257648953301127
12558,0.0
1110024,0.0
1118388,0.0
15892,0.0008051529790660225
175909,0.001610305958132045
1116146,0.0
15984,0.001610305958132045
158098,0.0
15987,0.054767427955833795
523394,0.00040257648953301127
653441,0.0012077294685990338
714289,0.006038647342995169
16008,0.047611348215212984
1131165,0.0
189571,0.002818035426731079
189572,0.00040257648953301127
16437,0.006843800322061192
152219,0.0
430329,0.0012077294685990338
51831,0.0
1105603,0.0
1129621,0.0
16471,0.002012882447665056
1104787,0.0
1114992,0.0
273949,0.00040257648953301127
16476,0.005636070853462158
1123087,0.0
16485,0.007648953301127214
105856,0.002818035426731079
1109891,0.0
1120049,0.0
16819,0.05953818725557857
1131167,0.0
1131236,0.0
1131274,0.0
1131312,0.0
126793,0.0024154589371980675
643003,0.00040257648953301127
643221,0.05987366766352275
644093,0.00040257648953301127
644334,0.0
646195,0.0
646286,0.041735679779158014
16843,0.001610305958132045
1152259,0.0
1152991,0.0
17201,0.0036231884057971015
1126012,0.0
184157,0.00040257648953301127
95435,0.0
1152633,0.0
17242,0.0008051529790660225
17363,0.005233494363929146
17477,0.00040257648953301127
17488,0.00040257648953301127
17811,0.00322061191626409
1107136,0.0
17821,1.0
245955,0.0
18251,0.00040257648953301127
18313,0.0012077294685990338
18532,0.0008051529790660225
86923,0.0008051529790660225
18536,0.008454106280193236
1106854,0.0
424540,0.00644122383252818
1153091,0.0
18770,0.002012882447665056
28964,0.0008051529790660225
531348,0.00040257648953301127
531351,0.00040257648953301127
18773,0.0008051529790660225
88356,0.0
18774,0.007112184648416533
73146,0.007246376811594203
18777,0.03809410530425022
103537,0.032421117082952824
1112686,0.0
173863,0.0008051529790660225
66794,0.0012077294685990338
79817,0.00040257648953301127
18781,0.0012077294685990338
18785,0.0
18811,0.0012077294685990338
1106401,0.0
20920,0.0
18812,0.0008051529790660225
510715,0.0
18815,0.0008051529790660225
18832,0.0024154589371980675
18833,0.0
18834,0.0012077294685990338
1152944,0.0
593210,0.0
593328,0.00040257648953301127
593329,0.0008051529790660225
19231,0.005636070853462158
1153736,0.0
12960,0.0
30934,0.00040257648953301127
686061,0.0
19621,0.200309876427026
1128846,0.0
1131464,0.0
123825,0.0036231884057971015
240791,0.008272946859903383
628888,0.00040257648953301127
649730,0.00040257648953301127
649739,0.00040257648953301127
66990,0.002818035426731079
853116,0.20543136971277057
948147,0.0
19697,0.0036231884057971015
40124,0.0008051529790660225
20178,0.006239935587761675
38829,0.0012077294685990338
64271,0.006105743424584004
91853,0.006038647342995169
20179,0.006843800322061192
95188,0.0008051529790660225
1108597,0.0
1114777,0.0
1116397,0.0
1116839,0.0
1119180,0.0
112813,0.0
1130653,0.0
1130657,0.0
1138091,0.0
1152244,0.0
1153877,0.0
1153879,0.0
1153889,0.0
144330,0.002818035426731079
566488,0.0
566653,0.013687600644122383
566664,0.013285024154589372
20528,0.0012077294685990338
70442,0.0008051529790660225
20584,0.005233494363929146
1106849,0.0
1118823,0.0
20592,0.00040257648953301127
389715,0.0008051529790660225
1118209,0.0
1121537,0.0
20821,0.0008051529790660225
1127863,0.0
20923,0.004025764895330112
1115701,0.0
1116530,0.0
20924,0.00322061191626409
289885,0.00322061191626409
294030,0.00322061191626409
1116181,0.0
22229,0.007246376811594203
1103383,0.0
1107418,0.0
1128369,0.0
144701,0.007246376811594203
22241,0.001610305958132045
243483,0.0008051529790660225
459216,0.0008051529790660225
595193,0.0
22386,0.007246376811594203
1128407,0.0
38846,0.001610305958132045
107251,0.0008051529790660225
107252,0.0
1121459,0.0
22564,0.07465550865309344
36140,0.11410844701907526
63915,0.00966183574879227
94229,0.0008051529790660225
1110563,0.0
22869,0.00040257648953301127
22876,0.0
22874,0.00040257648953301127
22875,0.0012077294685990338
22883,0.00040257648953301127
22886,0.0024154589371980675
1107367,0.0
23069,0.004428341384863124
23070,0.0036231884057971015
74700,0.004193505099302201
1116044,0.0
134307,0.0014761137949543745
134316,0.0012077294685990338
74698,0.00322061191626409
87915,0.0036231884057971015
23116,0.004025764895330112
1105433,0.0
1111978,0.0
152731,0.008856682769726247
217852,0.0
101662,0.00040257648953301127
1153064,0.0
189574,0.00040257648953301127
27249,0.00644122383252818
84020,0.0008051529790660225
24043,0.10315351583467522
1111265,0.0
928873,0.0
24476,0.0012077294685990338
1103499,0.0
1153024,0.0
24530,0.00040257648953301127
24966,0.10375402576489566
1106671,0.0
1123576,0.0
1131149,0.0
1154042,0.0
124828,0.00040257648953301127
145134,0.005877616747181964
145176,0.001610305958132045
197452,0.002012882447665056
202639,0.08789778391227673
27627,0.012077294685990338
63549,0.00040257648953301127
65212,0.004830917874396135
671293,0.00040257648953301127
95719,0.00040257648953301127
24974,0.004025764895330112
1104258,0.0
1112723,0.0
34315,0.0012077294685990338
40125,0.00040257648953301127
285675,0.0
385572,0.00040257648953301127
1153897,0.0
147870,0.0012077294685990338
25772,0.015787707997852927
1104769,0.0
1122580,0.0
1126503,0.0
641956,0.0008051529790660225
25791,0.002818035426731079
45212,0.0008051529790660225
25794,0.0008051529790660225
1110028,0.0
1121063,0.0
248119,0.0
27203,0.0012077294685990338
23545,0.0
27241,0.0008051529790660225
27243,0.0012077294685990338
27246,0.00040257648953301127
1128990,0.0
27514,0.00040257648953301127
27530,0.005636070853462158
1128542,0.0
27531,0.002012882447665056
592826,0.00040257648953301127
1112026,0.0
34961,0.0012077294685990338
27543,0.00322061191626409
27623,0.004830917874396135
1104182,0.0
27632,0.0024154589371980675
686015,0.0
686030,0.0
116021,0.00040257648953301127
27895,0.11206197296173148
325497,0.0
28230,0.0008051529790660225
28249,0.0012077294685990338
1152436,0.0
28267,0.00040257648953301127
308529,0.0
567005,0.00040257648953301127
28336,0.0042941492216854536
108047,0.004428341384863124
28359,0.002012882447665056
28385,0.0012077294685990338
118558,0.0
28389,0.00040257648953301127
28412,0.019008319914117017
194645,0.0008051529790660225
28487,0.006340579710144928
28489,0.004428341384863124
28491,0.002818035426731079
1152910,0.0
28504,0.00322061191626409
1139928,0.0
131315,0.00040257648953301127
365294,0.0014761137949543745
28542,0.013794954374664522
32260,0.0012077294685990338
28649,0.014311594202898549
155738,0.0024154589371980675
578669,0.0008051529790660225
595157,0.0
28957,0.0438473038412652
159897,0.0012077294685990338
1125402,0.0
1125944,0.0
29492,0.0939143853998927
1112426,0.0
1122574,0.0
131117,0.0008051529790660225
144408,0.09038513150831995
29708,0.0008051529790660225
400473,0.0012077294685990338
29723,0.01598228663446055
29738,1.0
155277,0.0
30817,0.0886741814278047
144679,0.00040257648953301127
31055,0.00040257648953301127
31083,0.0008051529790660225
48066,0.0
31105,0.001610305958132045
1105672,0.0
1063773,0.0
1124844,0.0
1129608,0.0
1135746,0.0
1152162,0.0
1152272,0.0
1152904,0.0
286562,0.0
31927,0.002012882447665056
686559,0.0
31479,0.008856682769726247
39165,0.002012882447665056
31483,0.0024154589371980675
118682,0.0
31489,0.005636070853462158
40583,0.0
40605,0.001610305958132045
632796,0.00040257648953301127
632874,0.00040257648953301127
632935,0.0
633721,0.00040257648953301127
67245,0.0008051529790660225
67246,0.0006038647342995169
31863,0.0008051529790660225
358894,0.0
91581,0.0008051529790660225
1129572,0.0
32083,0.3028157542046433
1153933,0.0
200630,0.0008051529790660225
346292,0.002818035426731079
45605,0.008454106280193236
688361,0.0
32276,0.0883805561945661
174418,0.001610305958132045
636500,0.0
84695,0.0
33231,0.0036231884057971015
1132887,0.0
33301,0.0008051529790660225
33325,0.0012077294685990338
1110256,0.0
124296,0.00040257648953301127
34708,0.0012077294685990338
78549,0.0
78552,0.004428341384863124
78557,0.004227053140096618
33823,0.005233494363929146
1119004,0.0
33895,0.002818035426731079
1110546,0.0
34257,0.005233494363929146
1106771,0.0
1111186,0.0
1114398,0.0
1115456,0.0
1116974,0.0
1122642,0.0
192870,0.0008051529790660225
34263,0.0014090177133655394
34266,0.0014090177133655394
368605,0.00040257648953301127
87482,0.0014090177133655394
90655,0.0013419216317767043
503871,0.0
682815,0.0
35335,0.001610305958132045
168958,0.0
59772,0.001610305958132045
1104031,0.0
1116410,0.0
35778,0.007246376811594203
108962,0.0022812667740203974
108983,0.002818035426731079
519318,0.00040257648953301127
1128974,0.0
399370,0.0006038647342995169
60169,0.0006038647342995169
627024,0.00040257648953301127
35852,0.004025764895330112
41732,0.0
134060,0.00040257648953301127
1105116,0.0
194223,0.0008051529790660225
390894,0.0
66982,0.0008051529790660225
36131,0.008051529790660225
77438,0.005636070853462158
350373,0.0
46500,0.0008051529790660225
36162,0.006038647342995169
189620,0.0008051529790660225
36802,0.009178743961352657
189856,0.001610305958132045
37888,0.005535426731078905
589923,0.00040257648953301127
590022,0.0
37483,0.03713001303581011
37541,0.0012077294685990338
260979,0.00040257648953301127
37879,0.00040257648953301127
1128997,0.0
1129610,0.0
1153942,0.0
117316,0.003488996242619431
592975,0.00040257648953301127
592986,0.00040257648953301127
593060,0.00040257648953301127
606647,0.0
61069,0.002012882447665056
38537,0.05308610024793598
1131270,0.0
1131277,0.0
137868,0.00322061191626409
153063,0.039538442859698875
642847,0.044861718170896916
38771,1.0
1104191,0.0
1110579,0.0
39127,0.027697262479871174
1128881,0.0
1128927,0.0
1128935,0.0
116081,0.0008051529790660225
116087,0.0
195150,0.00040257648953301127
46476,0.0
75972,0.0012077294685990338
39210,0.0008051529790660225
66986,0.0008051529790660225
39890,0.05752820269728492
1123689,0.0
1154229,0.0
1154232,0.0
1154233,0.0
242663,0.0
51045,0.00040257648953301127
521855,0.0008051529790660225
559804,0.005072463768115941
714256,0.005758760831224599
40131,0.00040257648953301127
118079,0.0
40135,0.10749287503514565
1104261,0.0
884094,0.0
40886,0.002818035426731079
41216,0.00040257648953301127
1113551,0.0
128383,0.00040257648953301127
943087,0.0
144212,0.00040257648953301127
182094,0.001610305958132045
44455,0.014090177133655395
42156,0.007648953301127214
1118120,0.0
1152179,0.0
42209,0.0012077294685990338
42221,0.0036231884057971015
42848,0.0008051529790660225
1116835,0.0
43165,1.0
1131195,0.0
43186,0.010399892646269459
1135894,0.0
206524,0.00040257648953301127
48075,0.0
44121,1.0
1104435,0.0
227178,0.00322061191626409
44514,0.38396636687699554
253971,0.00040257648953301127
606479,0.00040257648953301127
45052,0.0008051529790660225
1131266,0.0
45188,0.004025764895330112
1130929,0.0
1105450,0.0
1132385,0.0
45533,0.0036231884057971015
1104495,0.0
45603,0.0008051529790660225
1131639,0.0
975567,0.0
1152569,0.0
46452,0.0012077294685990338
46470,0.00040257648953301127
46491,0.01247987117552335
137380,0.00322061191626409
46547,0.007246376811594203
51834,0.0
46501,0.0012077294685990338
1153275,0.0
46887,0.004025764895330112
1153106,0.0
47682,0.0012077294685990338
1125393,0.0
47683,0.0
47839,1.0
1124837,0.0
48555,0.006038647342995169
48764,0.0008051529790660225
48768,0.00040257648953301127
48781,0.001610305958132045
1134865,0.0
397488,0.0008051529790660225
423816,0.001610305958132045
1112369,0.0
217984,0.00040257648953301127
49720,1.0
49753,1.0
683355,0.00040257648953301127
50354,0.007286634460547505
123556,0.007387278582930757
289088,0.0008051529790660225
50807,1.0
1104749,0.0
50838,0.001610305958132045
50980,1.0
73972,1.0
51049,0.06027059583822865
1134320,0.0
51052,0.0008051529790660225
51879,0.10330682021503235
51934,0.002012882447665056
52000,0.4
1104809,0.0
52007,0.2
52003,0.8
1112194,0.0
300806,0.016297638217928075
446271,0.0
53942,0.0024154589371980675
1128291,0.0
1128319,0.0
1136791,0.0
117315,0.0039922168545356955
578645,0.0
578646,0.0024154589371980675
578649,0.0
593022,0.00040257648953301127
1128982,0.0
141324,0.002012882447665056
459213,0.00040257648953301127
459214,0.00040257648953301127
593859,0.0
593942,0.0008051529790660225
59715,0.00040257648953301127
54132,0.007648953301127214
593921,0.0
594387,0.0
62634,0.0012077294685990338
1104946,0.0
55770,0.0024154589371980675
55801,0.0008051529790660225
56115,0.008856682769726247
1119178,0.0
239810,0.00040257648953301127
56708,0.00644122383252818
57119,0.004830917874396135
1132731,0.0
711527,0.0
57773,0.2857142857142857
1154524,0.0
235670,0.0
57932,0.0024154589371980675
58436,0.00322061191626409
1114239,0.0
87417,0.0024154589371980675
58453,0.002818035426731079
1113828,0.0
248395,0.0008051529790660225
58758,0.021324093244383096
1128208,0.0
576973,0.021560367303120925
59626,0.011622958362088799
96845,0.0
59798,0.007246376811594203
60159,0.0008051529790660225
61073,0.00040257648953301127
61312,0.00040257648953301127
61417,0.0012077294685990338
1106764,0.0
94416,0.00040257648953301127
62329,0.006843800322061192
1131565,0.0
195792,0.0036231884057971015
251756,0.004428341384863124
593155,0.0012077294685990338
650834,0.0
62333,0.0
1107325,0.0
1107558,0.0
62607,1.0
294145,0.0
62676,0.0012077294685990338
312409,0.0
83461,0.0008051529790660225
63812,0.0012077294685990338
1105360,0.0
63835,0.0012077294685990338
64319,0.0008051529790660225
65057,0.004126409017713366
1125909,0.0
519353,0.00040257648953301127
65074,0.005636070853462158
1110209,0.0
1117920,0.0
142268,0.0012077294685990338
714748,0.0
1112319,0.0
1123530,0.0
66564,0.005233494363929146
66596,0.001610305958132045
362926,0.0
66751,0.002012882447665056
1135750,0.0
1138043,0.0
573535,0.0008051529790660225
693143,0.0008051529790660225
695284,0.0
1105505,0.0
1153031,0.0
509315,0.0
82090,0.00040257648953301127
66809,0.0008051529790660225
1117501,0.0
171954,0.001610305958132045
67584,0.0012077294685990338
1127558,0.0
1127566,0.0
562067,0.00040257648953301127
67633,0.0012077294685990338
68115,0.00040257648953301127
68224,0.001610305958132045
69198,0.10519179894179909
231198,0.09039950924008906
70281,0.0008051529790660225
70444,0.002012882447665056
70520,0.005636070853462158
70970,0.002012882447665056
593068,0.0
71336,0.00040257648953301127
71736,0.0008051529790660225
71904,0.001610305958132045
1135122,0.0
1118347,0.0
72406,0.00040257648953301127
72805,1.0
899085,0.0
954315,0.00040257648953301127
73162,0.006776704240472356
1134348,0.0
189774,0.0008051529790660225
714260,0.004884594739667204
714879,0.0
73323,0.002818035426731079
1105810,0.0
73712,1.0
74427,0.005636070853462158
74821,0.0012077294685990338
1120252,0.0
1131150,0.0
74920,0.3333333333333333
1105877,0.0
74921,0.3333333333333333
74937,1.0
74975,0.00644122383252818
1107041,0.0
75121,0.011761943102522814
75318,0.001610305958132045
103430,0.001610305958132045
1121569,0.0
75693,0.00040257648953301127
75694,0.00040257648953301127
75969,0.0024154589371980675
1128856,0.0
75983,0.0008051529790660225
1115790,0.0
77108,0.0008051529790660225
77112,0.0
106590,0.0008051529790660225
1129994,0.0
1129907,0.0
613409,0.00040257648953301127
78508,0.00040257648953301127
575402,0.00040257648953301127
78555,0.004830917874396135
662279,0.0
662572,0.00040257648953301127
1121659,0.0
1131466,0.0
358866,0.006038647342995169
80491,0.004428341384863124
80656,0.004428341384863124
81714,0.00040257648953301127
82666,0.007246376811594203
82920,0.3627092345389423
1125492,0.0
1128198,0.0
1129367,0.0
576691,0.00040257648953301127
83847,0.0024154589371980675
1130678,0.0
1106298,0.0
1133047,0.0
509233,0.0
85324,0.001610305958132045
628751,0.0008051529790660225
577086,0.0
85449,0.0008051529790660225
86258,0.00040257648953301127
1133469,0.0
1114184,0.0
1153786,0.0
89308,0.001610305958132045
103528,0.0008051529790660225
137130,0.006038647342995169
1116328,0.0
1152379,0.0
237376,0.0
90470,0.0012077294685990338
91038,0.019156889809063715
92589,0.002818035426731079
93273,0.0008051529790660225
93318,0.00040257648953301127
1152958,0.0
143801,0.001006441223832528
284023,0.002818035426731079
284025,0.001006441223832528
93755,0.00040257648953301127
1111733,0.0
94639,0.00644122383252818
94641,0.004428341384863124
116553,0.0008051529790660225
95198,0.00040257648953301127
95588,0.00040257648953301127
95594,0.001610305958132045
95597,0.00040257648953301127
95642,0.002818035426731079
990075,0.0
594025,0.0
96851,0.0012077294685990338
100935,0.0008051529790660225
99030,0.006843800322061192
193931,0.0008051529790660225
100701,0.00040257648953301127
596075,0.0
101261,0.001610305958132045
102061,0.00040257648953301127
102939,0.0008051529790660225
1154074,0.0
1113742,0.0
246618,0.0008051529790660225
103531,0.0012077294685990338
656048,0.00040257648953301127
126912,0.03369788870996599
103543,0.04379073690667893
126927,0.04483072617130589
289085,0.00040257648953301127
193932,0.00040257648953301127
1095507,0.0
1107385,0.0
1153899,0.0
578898,0.002818035426731079
108963,0.0023148148148148147
310653,0.0010735373054213634
108974,0.005132850241545894
1133417,0.0
683404,0.00040257648953301127
110041,0.013627214170692434
111676,0.002012882447665056
111770,0.3333333333333333
1119623,0.0
112099,0.00040257648953301127
112787,0.00040257648953301127
114966,1.0
1125258,0.0
115188,1.0
1107728,0.0
116512,1.0
1107808,0.0
116528,0.015767579173376275
116545,0.002818035426731079
117328,0.006608964036500269
1115166,0.0
118424,0.00040257648953301127
118435,0.00040257648953301127
1121739,0.0
118873,0.0012077294685990338
1109566,0.0
119712,0.00040257648953301127
1140543,0.0
120817,0.0008051529790660225
1109873,0.0
121792,1.0
1152394,0.0
141160,0.005132850241545894
1154276,0.0
124952,0.0024154589371980675
1119742,0.0
1126011,0.0
189721,0.00040257648953301127
126867,0.5
1108258,0.0
126868,1.0
126909,0.044492050711857474
126920,0.044668417554890975
645897,0.04439763693990746
126926,0.04489462720139048
127940,0.0008051529790660225
1114364,0.0
243274,0.0
128203,0.00040257648953301127
128202,0.0
1108363,0.0
1121313,0.0
129287,0.00040257648953301127
907845,0.0
131122,0.00040257648953301127
131317,0.00040257648953301127
132821,0.00040257648953301127
133553,0.0036231884057971015
133567,0.0008051529790660225
133628,1.0
1108570,0.0
481073,0.0
134199,0.0012077294685990338
164885,0.00040257648953301127
447224,0.00040257648953301127
134219,0.004428341384863124
134314,0.002012882447665056
134315,0.004830917874396135
134320,0.004830917874396135
135464,0.02073268921095008
1135589,0.0
135798,0.00040257648953301127
136767,0.0008051529790660225
137359,0.001610305958132045
1118286,0.0
137790,0.013150831991411701
1131300,0.0
1154068,0.0
139738,0.00040257648953301127
1108841,0.0
140005,0.00040257648953301127
1131345,0.0
917493,0.0
503877,0.0012077294685990338
608191,0.0024154589371980675
141596,0.0008051529790660225
143323,0.011312399355877618
143476,0.00040257648953301127
1131549,0.0
219446,0.001610305958132045
1128975,0.0
1136342,0.0
595063,0.0
145315,1.0
294126,0.5
649944,0.0
145384,0.001610305958132045
1109185,0.0
1132434,0.0
148341,0.0008051529790660225
1109208,0.0
149139,0.5
1123215,0.0
1120786,0.0
987197,0.0
583318,0.0
1131223,0.0
561568,0.04055959025765788
561581,0.0008051529790660225
561593,0.00040257648953301127
561595,0.0012077294685990338
561610,0.001610305958132045
561613,0.040760878502424394
645084,0.00040257648953301127
154023,1.0
1112106,0.0
1133846,0.0
154047,1.0
1130934,0.0
1133028,0.0
155158,0.002012882447665056
397590,0.00040257648953301127
156794,0.00040257648953301127
1118017,0.0
158812,0.00040257648953301127
1127812,0.0
159084,1.0
1152711,0.0
159085,0.6666666666666666
241821,0.6666666666666666
160732,0.00322061191626409
1128853,0.0
1153922,0.0
162075,0.0024154589371980675
1109830,0.0
162080,0.0024154589371980675
737204,0.0
1135345,0.0
739707,0.00040257648953301127
163235,0.00040257648953301127
166420,0.00040257648953301127
166825,0.0008051529790660225
166989,0.002012882447665056
168332,0.0024154589371980675
169280,0.0008051529790660225
656231,0.001610305958132045
1138755,0.0
820662,0.0
174425,0.002012882447665056
175256,0.0012077294685990338
175548,0.00644122383252818
689152,0.00040257648953301127
753070,0.0024154589371980675
177115,0.00308641975308642
177993,0.00040257648953301127
177998,0.0008051529790660225
178718,0.0012077294685990338
179180,0.001610305958132045
179702,0.008051529790660225
1152859,0.0
179706,0.0008051529790660225
180301,1.0
1110628,0.0
1120084,0.0
182093,0.0008051529790660225
1131550,0.0
650814,0.00040257648953301127
187260,1.0
1110950,0.0
189566,0.010802469135802469
1153014,0.0
189623,0.0008051529790660225
189655,0.006052066559312935
1129518,0.0
1134346,0.0
190698,0.0012077294685990338
191222,0.0008051529790660225
191216,0.0
193347,0.16
612306,0.16
193352,0.2
193918,0.00040257648953301127
194609,0.004025764895330112
1154520,0.0
126128,0.0
215912,0.0011406333870101985
563613,0.0022812667740203974
248823,0.00040257648953301127
377303,0.00040257648953301127
198866,0.0024154589371980675
199571,0.00040257648953301127
643734,0.00040257648953301127
202520,0.0008051529790660225
202522,0.00040257648953301127
643597,0.0
203646,0.00040257648953301127
205196,0.00322061191626409
1130568,0.0
1130586,0.0
628764,0.0
628766,0.0
815096,0.00322061191626409
950986,0.0
1128151,0.0
1129629,0.0
210872,0.3639071319626853
212097,0.5
1112071,0.0
212107,0.5
213246,0.001878690284487386
216877,0.0008051529790660225
1117618,0.0
216878,0.0012077294685990338
1152663,0.0
219218,1.0
1112417,0.0
567018,0.00040257648953301127
219976,0.00040257648953301127
220420,0.00040257648953301127
226698,0.0008051529790660225
1122304,0.0
1128946,0.0
228990,1.0
228992,0.0
230879,0.011674718196457327
1133428,0.0
696343,0.00040257648953301127
851968,0.00040257648953301127
1153195,0.0
232606,0.12
232860,1.0
1113084,0.0
233106,0.0012077294685990338
12275,0.0
630890,0.00040257648953301127
235678,0.7142857142857143
235679,0.7142857142857143
689439,0.0
235683,0.8571428571428571
238401,0.00040257648953301127
240321,0.004830917874396135
1113541,0.0
245288,0.00040257648953301127
1121398,0.0
248431,0.00040257648953301127
250566,0.00040257648953301127
253762,0.004428341384863124
255628,0.0012077294685990338
258259,0.00040257648953301127
260121,0.00040257648953301127
261040,0.0008051529790660225
262108,0.00040257648953301127
262121,0.00040257648953301127
262178,0.002012882447665056
1138968,0.0
263069,0.0012077294685990338
263482,0.0012077294685990338
264556,0.0024154589371980675
335042,0.0012077294685990338
267824,0.10661966745903959
270456,0.001610305958132045
270600,0.0008051529790660225
1114838,0.0
278394,0.001610305958132045
278403,0.0008051529790660225
1152959,0.0
285687,0.00040257648953301127
286513,0.0012077294685990338
288107,0.5
1153784,0.0
289945,0.006038647342995169
292277,0.002818035426731079
578845,0.0024154589371980675
1133010,0.0
302545,1.0
1152858,0.0
1131198,0.0
643199,0.00040257648953301127
307656,0.0008051529790660225
270085,0.0
1139195,0.0
318071,0.00040257648953301127
318187,0.00040257648953301127
321004,1.0
1117049,0.0
1117089,0.0
325314,0.00040257648953301127
330208,0.0008051529790660225
337766,0.0012077294685990338
348305,0.24
1118546,0.0
358887,0.00644122383252818
360028,0.00040257648953301127
367312,0.6666666666666666
1119211,0.0
746058,0.6666666666666666
368657,1.0
400455,1.0
370366,0.002012882447665056
375605,0.00040257648953301127
375825,0.3333333333333333
376704,1.0
1119654,0.0
379288,0.001610305958132045
380341,1.0
60560,0.0
384428,1.0
1120019,0.0
390693,0.00040257648953301127
684972,0.00040257648953301127
1135115,0.0
408885,1.0
1154173,0.0
416867,0.00040257648953301127
416964,0.0012077294685990338
421481,0.6666666666666666
430574,1.0
1105622,0.0
430711,1.0
1132416,0.0
671052,0.3333333333333333
645571,0.042965455103136256
446610,0.00040257648953301127
1123093,0.0
458439,1.0
1123493,0.0
459206,0.00040257648953301127
466170,0.001610305958132045
467383,0.001610305958132045
1128977,0.0
1131374,0.0
1154076,0.0
577331,0.00040257648953301127
646913,0.0008051529790660225
1125597,0.0
1125906,0.0
1125953,0.0
521183,0.002012882447665056
1125993,0.0
522338,0.001610305958132045
1132864,0.0
683360,0.0008051529790660225
523010,0.0008051529790660225
523574,0.007367149758454107
529165,1.0
1126315,0.0
561582,0.0008051529790660225
646440,0.0
561611,0.002012882447665056
561674,0.0024154589371980675
1127541,0.0
561789,0.00322061191626409
1127551,0.0
561809,0.001610305958132045
562940,0.002012882447665056
1127810,0.0
573553,0.002818035426731079
1138970,0.0
593544,0.00040257648953301127
608190,0.002818035426731079
1131734,0.0
576362,0.001610305958132045
1128201,0.0
578365,0.0012077294685990338
1153900,0.0
578650,0.0012077294685990338
1128943,0.0
1128978,0.0
593559,0.00040257648953301127
593560,0.00040257648953301127
579108,0.00040257648953301127
1128437,0.0
582349,0.00040257648953301127
592993,0.0012077294685990338
592996,0.0008051529790660225
593248,0.0
593104,0.001610305958132045
1129015,0.0
593201,0.00040257648953301127
593209,0.00040257648953301127
1153896,0.0
594011,0.0012077294685990338
594039,0.00040257648953301127
594119,1.0
1129021,0.0
594483,1.0
1129040,0.0
594511,0.0008051529790660225
601462,0.0012077294685990338
1129368,0.0
1129369,0.0
604073,1.0
1129494,0.0
610529,1.0
1153946,0.0
616336,0.14285714285714285
617378,1.0
1130069,0.0
617575,1.0
1130080,0.0
621555,1.0
1130243,0.0
626530,1.0
1130454,0.0
1154012,0.0
626531,0.75
626574,0.25
626999,0.0008051529790660225
628458,1.0
628459,0.0
631015,0.0008051529790660225
633030,1.0
633031,1.0
633081,0.006038647342995169
672070,0.004025764895330112
672071,0.004025764895330112
642593,1.0
1131163,0.0
642621,0.06021713570022748
1131164,0.0
1131258,0.0
642641,0.0008051529790660225
642681,0.04473870868798406
644441,0.0008051529790660225
642798,0.0008051529790660225
1131172,0.0
644470,0.0
642894,0.058900774480484634
1131180,0.0
1131301,0.0
1131335,0.0
643239,0.05861641489660811
643485,0.058539733660506604
645046,0.0012077294685990338
645870,0.001610305958132045
646334,0.00040257648953301127
646357,0.00040257648953301127
642920,1.0
1131184,0.0
642930,0.5
1131189,0.0
1131192,0.0
1131257,0.0
1131305,0.0
1131334,0.0
644448,0.001610305958132045
644577,0.04980622012626844
643695,0.0008051529790660225
643777,0.0
643735,0.0008051529790660225
644361,0.0008051529790660225
645016,0.00040257648953301127
644363,0.0008051529790660225
644427,0.05210960537047493
1131314,0.0
644494,0.0008051529790660225
644843,0.0012077294685990338
1154071,0.0
645088,0.0008051529790660225
645452,0.0008051529790660225
646289,0.041735679779158014
646412,1.0
1131330,0.0
646900,0.002012882447665056
1131359,0.0
647315,0.00040257648953301127
648106,0.875
1131421,0.0
648112,1.0
1131420,0.0
648121,0.875
648369,1.0
1131414,0.0
650807,0.0008051529790660225
653628,1.0
1133930,0.0
1131741,0.0
654339,0.0008051529790660225
654519,1.0
1131754,0.0
1131828,0.0
662250,1.0
1132073,0.0
1132406,0.0
1132443,0.0
1132505,0.0
675756,0.0008051529790660225
682508,0.5
1132857,0.0
683294,1.0
684531,0.00040257648953301127
687401,0.0008051529790660225
688824,1.0
1133008,0.0
688849,0.00040257648953301127
1134031,0.0
709518,1.0
1134056,0.0
711994,1.0
1134197,0.0
714208,0.0012077294685990338
1154230,0.0
733534,0.0008051529790660225
733576,0.00040257648953301127
734406,0.00040257648953301127
735311,0.0
738941,0.00322061191626409
1135455,0.0
739280,1.0
739816,0.0012077294685990338
1140548,0.0
752684,1.0
1135955,0.0
753047,0.0024154589371980675
1136631,0.0
1136634,0.0
753264,0.002214170692431562
767763,0.00040257648953301127
754594,1.0
1136040,0.0
756061,0.0012077294685990338
1136110,0.0
1136447,0.0
762980,0.0008051529790660225
1136449,0.0
779960,1.0
1137140,0.0
814836,1.0
1138619,0.0
815073,0.0036231884057971015
817774,1.0
820661,0.0
824245,1.0
1139009,0.0
1140231,0.0
853114,0.20583394620230358
853155,0.0008051529790660225
853115,0.20623652269183662
853118,0.00040257648953301127
